           2
          22
          42
          62
          82
         102
         122
         142
         162
         182
         202
         222
         242
         262
         282
         302
         322
         342
         362
         382
         402
         422
         442
         462
         482
         502
         522
         542
         562
         582
         602
         622
         642
         662
         682
         702
         722
         742
         762
         782
         802
         822
         842
         862
         882
         902
         922
         942
         962
         982
        1002
        1022
        1042
        1062
        1082
        1102
        1122
        1142
        1162
        1182
        1202
        1222
        1242
        1262
        1282
        1302
        1322
        1342
        1362
        1382
        1402
        1422
        1442
        1462
        1482
        1502
        1522
        1542
        1562
        1582
        1602
        1622
        1642
        1662
        1682
        1702
        1722
        1742
        1762
        1782
        1802
        1822
        1842
        1862
        1882
        1902
        1922
        1942
        1962
        1982
        2002
        2022
        2042
        2062
        2082
        2102
        2122
        2142
        2162
        2182
        2202
        2222
        2242
        2262
        2282
        2302
        2322
        2342
        2362
        2382
        2402
        2422
        2442
        2462
        2482
        2502
        2522
        2542
        2562
        2582
        2602
        2622
        2642
        2662
        2682
        2702
        2722
        2742
        2762
        2782
        2802
        2822
        2842
        2862
        2882
        2902
        2922
        2942
        2962
        2982
        3002
        3022
        3042
        3062
        3082
        3102
        3122
        3142
        3162
        3182
        3202
        3222
        3242
        3262
        3282
        3302
        3322
        3342
        3362
        3382
        3402
        3422
        3442
        3462
        3482
        3502
        3522
        3542
        3562
        3582
        3602
        3622
        3642
        3662
        3682
        3702
        3722
        3742
        3762
        3782
        3802
        3822
        3842
        3862
        3882
        3902
        3922
        3942
        3962
        3982
        4002
        4022
        4042
        4062
        4082
        4102
        4122
        4142
        4162
        4182
        4202
        4222
        4242
        4262
        4282
        4302
        4322
        4342
        4362
        4382
        4402
        4422
        4442
        4462
        4482
        4502
        4522
        4542
        4562
        4582
        4602
        4622
        4642
        4662
        4682
        4702
        4722
        4742
        4762
        4782
        4802
        4822
        4842
        4862
        4882
        4902
        4922
        4942
        4962
        4982
