   20    0.214980E-12    0.705258E-13   -0.500014E-14    0.952278E-13   -0.318660E-14    0.347797E-12    0.705258E-13    0.740254E-13   -0.935739E-15    0.878259E-13   -0.136170E-13    0.581429E-11   -0.500014E-14   -0.935739E-15    0.214507E-12   -0.109718E-14    0.210588E-12    0.782962E-14    0.952278E-13    0.878259E-13   -0.109718E-14    0.108723E-12   -0.196625E-13    0.603837E-12   -0.318660E-14   -0.136170E-13    0.210588E-12   -0.196625E-13    0.204694E-12   -0.381501E-15    0.347797E-12    0.581429E-11    0.782962E-14    0.603837E-12   -0.381501E-15    0.497572E-12
   40    0.125305E-13    0.467522E-14   -0.272262E-15    0.602440E-14   -0.204338E-15    0.322997E-13    0.467522E-14    0.528205E-14    0.174276E-17    0.593472E-14   -0.756755E-15    0.377790E-12   -0.272262E-15    0.174276E-17    0.134120E-13   -0.237349E-16    0.130708E-13    0.491078E-15    0.602440E-14    0.593472E-14   -0.237349E-16    0.700282E-14   -0.114091E-14    0.441741E-13   -0.204338E-15   -0.756755E-15    0.130708E-13   -0.114091E-14    0.128532E-13    0.545935E-16    0.322997E-13    0.377790E-12    0.491078E-15    0.441741E-13    0.545935E-16    0.312714E-13
   60    0.225972E-14    0.977217E-15   -0.402823E-16    0.122731E-14   -0.362388E-16    0.971245E-14    0.977217E-15    0.122952E-14    0.161248E-16    0.128845E-14   -0.119992E-15    0.793298E-13   -0.402823E-16    0.161248E-16    0.265486E-14    0.106621E-16    0.256312E-14    0.110032E-15    0.122731E-14    0.128845E-14    0.106621E-16    0.145197E-14   -0.194805E-15    0.103099E-13   -0.362388E-16   -0.119992E-15    0.256312E-14   -0.194805E-15    0.256145E-14    0.286736E-16    0.971245E-14    0.793298E-13    0.110032E-15    0.103099E-13    0.286736E-16    0.625583E-14
   80    0.650086E-15    0.321874E-15   -0.659617E-17    0.409136E-15   -0.669659E-17    0.453051E-14    0.321874E-15    0.465072E-15    0.119347E-16    0.453216E-15   -0.236193E-16    0.272054E-13   -0.659617E-17    0.119347E-16    0.841110E-15    0.990340E-17    0.808058E-15    0.437362E-16    0.409136E-15    0.453216E-15    0.990340E-17    0.490194E-15   -0.484245E-16    0.379696E-14   -0.669659E-17   -0.236193E-16    0.808058E-15   -0.484245E-16    0.822947E-15    0.157439E-16    0.453051E-14    0.272054E-13    0.437362E-16    0.379696E-14    0.157439E-16    0.201499E-14
  100    0.240304E-15    0.133577E-15    0.462154E-18    0.179878E-15    0.987026E-18    0.260027E-14    0.133577E-15    0.229030E-15    0.836008E-17    0.207461E-15   -0.134350E-17    0.122872E-13    0.462154E-18    0.836008E-17    0.343220E-15    0.717104E-17    0.330290E-15    0.236391E-16    0.179878E-15    0.207461E-15    0.717104E-17    0.215952E-15   -0.128005E-16    0.182012E-14    0.987026E-18   -0.134350E-17    0.330290E-15   -0.128005E-16    0.343063E-15    0.110087E-16    0.260027E-14    0.122872E-13    0.236391E-16    0.182012E-14    0.110087E-16    0.853922E-15
  120    0.105552E-15    0.630638E-16    0.196709E-17    0.933696E-16    0.316571E-17    0.166827E-14    0.630638E-16    0.134188E-15    0.614922E-17    0.113181E-15    0.511539E-17    0.671890E-14    0.196709E-17    0.614922E-17    0.163796E-15    0.523198E-17    0.158608E-15    0.153569E-16    0.933696E-16    0.113181E-15    0.523198E-17    0.114926E-15   -0.184616E-17    0.101961E-14    0.316571E-17    0.511539E-17    0.158608E-15   -0.184616E-17    0.166932E-15    0.809297E-17    0.166827E-14    0.671890E-14    0.153569E-16    0.101961E-14    0.809297E-17    0.429639E-15
  140    0.536366E-16    0.328734E-16    0.198708E-17    0.549931E-16    0.336457E-17    0.114305E-14    0.328734E-16    0.897219E-16    0.473620E-17    0.707225E-16    0.690649E-17    0.425989E-14    0.198708E-17    0.473620E-17    0.875466E-16    0.378604E-17    0.852787E-16    0.110041E-16    0.549931E-16    0.707225E-16    0.378604E-17    0.714567E-16    0.196124E-17    0.608091E-15    0.336457E-17    0.690649E-17    0.852787E-16    0.196124E-17    0.898401E-16    0.632880E-17    0.114305E-14    0.425989E-14    0.110041E-16    0.608091E-15    0.632880E-17    0.244616E-15
  160    0.308530E-16    0.180109E-16    0.161858E-17    0.339754E-16    0.304613E-17    0.806688E-15    0.180109E-16    0.663833E-16    0.383525E-17    0.489590E-16    0.732017E-17    0.303656E-14    0.161858E-17    0.383525E-17    0.504332E-16    0.281991E-17    0.493635E-16    0.852969E-17    0.339754E-16    0.489590E-16    0.281991E-17    0.505113E-16    0.298037E-17    0.394272E-15    0.304613E-17    0.732017E-17    0.493635E-16    0.298037E-17    0.517160E-16    0.564273E-17    0.806688E-15    0.303656E-14    0.852969E-17    0.394272E-15    0.564273E-17    0.152479E-15
  180    0.205368E-16    0.108485E-16    0.116935E-17    0.217697E-16    0.248084E-17    0.570564E-15    0.108485E-16    0.530837E-16    0.319072E-17    0.368895E-16    0.710496E-17    0.237042E-14    0.116935E-17    0.319072E-17    0.308647E-16    0.214471E-17    0.303490E-16    0.678957E-17    0.217697E-16    0.368895E-16    0.214471E-17    0.394875E-16    0.327459E-17    0.262262E-15    0.248084E-17    0.710496E-17    0.303490E-16    0.327459E-17    0.314953E-16    0.464062E-17    0.570564E-15    0.237042E-14    0.678957E-17    0.262262E-15    0.464062E-17    0.101458E-15
  200    0.161796E-16    0.758251E-17    0.734577E-18    0.145611E-16    0.193623E-17    0.394342E-15    0.758251E-17    0.451840E-16    0.265815E-17    0.303266E-16    0.667173E-17    0.198464E-14    0.734577E-18    0.265815E-17    0.199103E-16    0.165473E-17    0.196709E-16    0.569502E-17    0.145611E-16    0.303266E-16    0.165473E-17    0.333741E-16    0.322323E-17    0.173825E-15    0.193623E-17    0.667173E-17    0.196709E-16    0.322323E-17    0.202877E-16    0.411210E-17    0.394342E-15    0.198464E-14    0.569502E-17    0.173825E-15    0.411210E-17    0.710253E-16
  220    0.148277E-16    0.613070E-17    0.359849E-18    0.943433E-17    0.144274E-17    0.259270E-15    0.613070E-17    0.398724E-16    0.208326E-17    0.264619E-16    0.610085E-17    0.173963E-14    0.359849E-18    0.208326E-17    0.133455E-16    0.131460E-17    0.133130E-16    0.482538E-17    0.943433E-17    0.264619E-16    0.131460E-17    0.299948E-16    0.317215E-17    0.126275E-15    0.144274E-17    0.610085E-17    0.133130E-16    0.317215E-17    0.137975E-16    0.331610E-17    0.259270E-15    0.173963E-14    0.482538E-17    0.126275E-15    0.331610E-17    0.517647E-16
  240    0.152199E-16    0.564136E-17    0.609795E-19    0.649838E-17    0.100702E-17    0.155260E-15    0.564136E-17    0.368723E-16    0.158255E-17    0.247198E-16    0.566644E-17    0.163290E-14    0.609795E-19    0.158255E-17    0.932092E-17    0.106951E-17    0.943072E-17    0.412026E-17    0.649838E-17    0.247198E-16    0.106951E-17    0.283774E-16    0.317430E-17    0.849986E-16    0.100702E-17    0.566644E-17    0.943072E-17    0.317430E-17    0.989791E-17    0.263430E-17    0.155260E-15    0.163290E-14    0.412026E-17    0.849986E-16    0.263430E-17    0.386492E-16
  260    0.157536E-16    0.491617E-17   -0.141248E-18    0.453849E-17    0.623036E-18    0.800486E-16    0.491617E-17    0.346763E-16    0.113420E-17    0.234942E-16    0.520435E-17    0.157512E-14   -0.141248E-18    0.113420E-17    0.671845E-17    0.894570E-18    0.691643E-17    0.357663E-17    0.453849E-17    0.234942E-16    0.894570E-18    0.277092E-16    0.317960E-17    0.659872E-16    0.623036E-18    0.520435E-17    0.691643E-17    0.317960E-17    0.740982E-17    0.217753E-17    0.800486E-16    0.157512E-14    0.357663E-17    0.659872E-16    0.217753E-17    0.295849E-16
  280    0.154189E-16    0.377500E-17   -0.248048E-18    0.335951E-17    0.266914E-18    0.340547E-16    0.377500E-17    0.324206E-16    0.771021E-18    0.216848E-16    0.467643E-17    0.154650E-14   -0.248048E-18    0.771021E-18    0.497847E-17    0.761590E-18    0.522645E-17    0.313673E-17    0.335951E-17    0.216848E-16    0.761590E-18    0.269971E-16    0.311747E-17    0.559322E-16    0.266914E-18    0.467643E-17    0.522645E-17    0.311747E-17    0.571038E-17    0.176340E-17    0.340547E-16    0.154650E-14    0.313673E-17    0.559322E-16    0.176340E-17    0.230902E-16
  300    0.139104E-16    0.210710E-17   -0.266871E-18    0.295983E-17   -0.748548E-20    0.109013E-16    0.210710E-17    0.291919E-16    0.490384E-18    0.185263E-16    0.368602E-17    0.150590E-14   -0.266871E-18    0.490384E-18    0.376902E-17    0.653691E-18    0.403344E-17    0.277432E-17    0.295983E-17    0.185263E-16    0.653691E-18    0.247112E-16    0.277699E-17    0.565843E-16   -0.748548E-20    0.368602E-17    0.403344E-17    0.277699E-17    0.446968E-17    0.157418E-17    0.109013E-16    0.150590E-14    0.277432E-17    0.565843E-16    0.157418E-17    0.183825E-16
  320    0.112564E-16    0.817458E-18   -0.224151E-18    0.318896E-17   -0.205883E-18    0.480078E-17    0.817458E-18    0.243831E-16    0.390857E-18    0.145526E-16    0.226796E-17    0.131081E-14   -0.224151E-18    0.390857E-18    0.291893E-17    0.552355E-18    0.316132E-17    0.246466E-17    0.318896E-17    0.145526E-16    0.552355E-18    0.201864E-16    0.195552E-17    0.610301E-16   -0.205883E-18    0.226796E-17    0.316132E-17    0.195552E-17    0.353574E-17    0.148869E-17    0.480078E-17    0.131081E-14    0.246466E-17    0.610301E-16    0.148869E-17    0.148064E-16
  340    0.864358E-17    0.561302E-18   -0.148445E-18    0.376408E-17   -0.284510E-18    0.723593E-17    0.561302E-18    0.200399E-16    0.400966E-18    0.121148E-16    0.896934E-18    0.103029E-14   -0.148445E-18    0.400966E-18    0.232130E-17    0.472226E-18    0.252244E-17    0.223322E-17    0.376408E-17    0.121148E-16    0.472226E-18    0.157891E-16    0.903311E-18    0.537623E-16   -0.284510E-18    0.896934E-18    0.252244E-17    0.903311E-18    0.282687E-17    0.150209E-17    0.723593E-17    0.103029E-14    0.223322E-17    0.537623E-16    0.150209E-17    0.121776E-16
  360    0.613162E-17    0.903927E-18   -0.693496E-19    0.397918E-17   -0.331983E-18    0.137710E-16    0.903927E-18    0.166365E-16    0.466481E-18    0.112466E-16   -0.294701E-19    0.709031E-15   -0.693496E-19    0.466481E-18    0.185618E-17    0.421869E-18    0.200355E-17    0.202539E-17    0.397918E-17    0.112466E-16    0.421869E-18    0.133828E-16    0.169488E-18    0.504489E-16   -0.331983E-18   -0.294701E-19    0.200355E-17    0.169488E-18    0.223426E-17    0.151940E-17    0.137710E-16    0.709031E-15    0.202539E-17    0.504489E-16    0.151940E-17    0.101390E-16
  380    0.410713E-17    0.134653E-17   -0.159319E-20    0.368793E-17   -0.307410E-18    0.197435E-16    0.134653E-17    0.135454E-16    0.500569E-18    0.102849E-16   -0.373648E-18    0.441735E-15   -0.159319E-20    0.500569E-18    0.150561E-17    0.413566E-18    0.161218E-17    0.187057E-17    0.368793E-17    0.102849E-16    0.413566E-18    0.120609E-16   -0.137192E-18    0.432942E-16   -0.307410E-18   -0.373648E-18    0.161218E-17   -0.137192E-18    0.181223E-17    0.151725E-17    0.197435E-16    0.441735E-15    0.187057E-17    0.432942E-16    0.151725E-17    0.859471E-17
  400    0.269468E-17    0.150381E-17    0.482474E-19    0.314481E-17   -0.246294E-18    0.235861E-16    0.150381E-17    0.108524E-16    0.491604E-18    0.885751E-17   -0.417591E-18    0.269013E-15    0.482474E-19    0.491604E-18    0.123839E-17    0.413150E-18    0.131792E-17    0.173227E-17    0.314481E-17    0.885751E-17    0.413150E-18    0.106679E-16   -0.167255E-18    0.357427E-16   -0.246294E-18   -0.417591E-18    0.131792E-17   -0.167255E-18    0.148771E-17    0.149616E-17    0.235861E-16    0.269013E-15    0.173227E-17    0.357427E-16    0.149616E-17    0.737724E-17
  420    0.176736E-17    0.141905E-17    0.786337E-19    0.251753E-17   -0.164150E-18    0.248165E-16    0.141905E-17    0.877739E-17    0.456187E-18    0.748691E-17   -0.375329E-18    0.157810E-15    0.786337E-19    0.456187E-18    0.102679E-17    0.413513E-18    0.109801E-17    0.161048E-17    0.251753E-17    0.748691E-17    0.413513E-18    0.930023E-17   -0.467694E-19    0.284735E-16   -0.164150E-18   -0.375329E-18    0.109801E-17   -0.467694E-19    0.126080E-17    0.142756E-17    0.248165E-16    0.157810E-15    0.161048E-17    0.284735E-16    0.142756E-17    0.639071E-17
  440    0.119422E-17    0.119495E-17    0.897929E-19    0.189458E-17   -0.810940E-19    0.235992E-16    0.119495E-17    0.728868E-17    0.417365E-18    0.646656E-17   -0.281181E-18    0.840269E-16    0.897929E-19    0.417365E-18    0.869333E-18    0.402039E-18    0.935384E-18    0.149332E-17    0.189458E-17    0.646656E-17    0.402039E-18    0.821491E-17    0.114540E-18    0.210688E-16   -0.810940E-19   -0.281181E-18    0.935384E-18    0.114540E-18    0.107518E-17    0.135351E-17    0.235992E-16    0.840269E-16    0.149332E-17    0.210688E-16    0.135351E-17    0.556811E-17
  460    0.926982E-18    0.950814E-18    0.836230E-19    0.136357E-17   -0.170033E-19    0.206562E-16    0.950814E-18    0.632069E-17    0.385604E-18    0.578758E-17   -0.181773E-18    0.349700E-16    0.836230E-19    0.385604E-18    0.734647E-18    0.377151E-18    0.798889E-18    0.137831E-17    0.136357E-17    0.578758E-17    0.377151E-18    0.742941E-17    0.272361E-18    0.136146E-16   -0.170033E-19   -0.181773E-18    0.798889E-18    0.272361E-18    0.899370E-18    0.127353E-17    0.206562E-16    0.349700E-16    0.137831E-17    0.136146E-16    0.127353E-17    0.485996E-17
  480    0.813552E-18    0.703957E-18    0.643556E-19    0.912621E-18    0.366992E-19    0.165573E-16    0.703957E-18    0.564104E-17    0.374056E-18    0.530592E-17   -0.939353E-19   -0.161168E-17    0.643556E-19    0.374056E-18    0.630307E-18    0.345814E-18    0.688756E-18    0.125736E-17    0.912621E-18    0.530592E-17    0.345814E-18    0.680103E-17    0.424476E-18    0.628745E-17    0.366992E-19   -0.939353E-19    0.688756E-18    0.424476E-18    0.761984E-18    0.117796E-17    0.165573E-16   -0.161168E-17    0.125736E-17    0.628745E-17    0.117796E-17    0.421440E-17
  500    0.811543E-18    0.474916E-18    0.359914E-19    0.602855E-18    0.703643E-19    0.119090E-16    0.474916E-18    0.508386E-17    0.371297E-18    0.479634E-17   -0.153380E-19   -0.342056E-16    0.359914E-19    0.371297E-18    0.555558E-18    0.301928E-18    0.608169E-18    0.112697E-17    0.602855E-18    0.479634E-17    0.301928E-18    0.622891E-17    0.554617E-18   -0.106961E-17    0.703643E-19   -0.153380E-19    0.608169E-18    0.554617E-18    0.655920E-18    0.107647E-17    0.119090E-16   -0.342056E-16    0.112697E-17   -0.106961E-17    0.107647E-17    0.362222E-17
  520    0.882654E-18    0.255416E-18    0.340753E-20    0.476983E-18    0.811691E-19    0.740783E-17    0.255416E-18    0.457530E-17    0.371738E-18    0.417185E-17    0.718080E-19   -0.629491E-16    0.340753E-20    0.371738E-18    0.484782E-18    0.245335E-18    0.533112E-18    0.100634E-17    0.476983E-18    0.417185E-17    0.245335E-18    0.559678E-17    0.665553E-18   -0.818115E-17    0.811691E-19    0.718080E-19    0.533112E-18    0.665553E-18    0.567684E-18    0.981372E-18    0.740783E-17   -0.629491E-16    0.100634E-17   -0.818115E-17    0.981372E-18    0.307476E-17
  540    0.921433E-18   -0.839431E-20   -0.288343E-19    0.433526E-18    0.631787E-19    0.358475E-17   -0.839431E-20    0.391338E-17    0.372941E-18    0.314372E-17    0.133922E-18   -0.860380E-16   -0.288343E-19    0.372941E-18    0.426689E-18    0.171196E-18    0.472213E-18    0.877461E-18    0.433526E-18    0.314372E-17    0.171196E-18    0.469987E-17    0.734824E-18   -0.154614E-16    0.631787E-19    0.133922E-18    0.472213E-18    0.734824E-18    0.508716E-18    0.877349E-18    0.358475E-17   -0.860380E-16    0.877461E-18   -0.154614E-16    0.877349E-18    0.258270E-17
  560    0.954166E-18   -0.276625E-18   -0.559380E-19    0.506148E-18    0.236628E-19    0.640566E-18   -0.276625E-18    0.325477E-17    0.391906E-18    0.170143E-17    0.183988E-18   -0.102293E-15   -0.559380E-19    0.391906E-18    0.385520E-18    0.694217E-19    0.426590E-18    0.759061E-18    0.506148E-18    0.170143E-17    0.694217E-19    0.321096E-17    0.728074E-18   -0.230367E-16    0.236628E-19    0.183988E-18    0.426590E-18    0.728074E-18    0.467873E-18    0.779066E-18    0.640566E-18   -0.102293E-15    0.759061E-18   -0.230367E-16    0.779066E-18    0.214958E-17
  580    0.923361E-18   -0.502889E-18   -0.749320E-19    0.592796E-18   -0.271875E-19   -0.120846E-17   -0.502889E-18    0.264540E-17    0.408914E-18    0.721215E-19    0.202164E-18   -0.110609E-15   -0.749320E-19    0.408914E-18    0.348357E-18   -0.469311E-19    0.386202E-18    0.652239E-18    0.592796E-18    0.721215E-19   -0.469311E-19    0.108311E-17    0.590439E-18   -0.297068E-16   -0.271875E-19    0.202164E-18    0.386202E-18    0.590439E-18    0.438248E-18    0.683085E-18   -0.120846E-17   -0.110609E-15    0.652239E-18   -0.297068E-16    0.683085E-18    0.177537E-17
  600    0.818194E-18   -0.622445E-18   -0.837419E-19    0.573658E-18   -0.861086E-19   -0.210866E-17   -0.622445E-18    0.223200E-17    0.425235E-18   -0.109169E-17    0.218938E-18   -0.111708E-15   -0.837419E-19    0.425235E-18    0.317761E-18   -0.150306E-18    0.349546E-18    0.553745E-18    0.573658E-18   -0.109169E-17   -0.150306E-18   -0.106180E-17    0.323007E-18   -0.336433E-16   -0.861086E-19    0.218938E-18    0.349546E-18    0.323007E-18    0.409739E-18    0.593869E-18   -0.210866E-17   -0.111708E-15    0.553745E-18   -0.336433E-16    0.593869E-18    0.145563E-17
  620    0.684430E-18   -0.595400E-18   -0.826876E-19    0.498154E-18   -0.132193E-18   -0.228132E-17   -0.595400E-18    0.195872E-17    0.440134E-18   -0.136468E-17    0.233660E-18   -0.106720E-15   -0.826876E-19    0.440134E-18    0.292523E-18   -0.205352E-18    0.319247E-18    0.466683E-18    0.498154E-18   -0.136468E-17   -0.205352E-18   -0.223022E-17    0.217955E-19   -0.336455E-16   -0.132193E-18    0.233660E-18    0.319247E-18    0.217955E-19    0.380162E-18    0.508641E-18   -0.228132E-17   -0.106720E-15    0.466683E-18   -0.336455E-16    0.508641E-18    0.119205E-17
  640    0.523602E-18   -0.458914E-18   -0.732840E-19    0.374857E-18   -0.160365E-18   -0.201867E-17   -0.458914E-18    0.168383E-17    0.432723E-18   -0.985765E-18    0.250389E-18   -0.986988E-16   -0.732840E-19    0.432723E-18    0.271812E-18   -0.197288E-18    0.293478E-18    0.388867E-18    0.374857E-18   -0.985765E-18   -0.197288E-18   -0.216205E-17   -0.203803E-18   -0.304534E-16   -0.160365E-18    0.250389E-18    0.293478E-18   -0.203803E-18    0.347755E-18    0.423370E-18   -0.201867E-17   -0.986988E-16    0.388867E-18   -0.304534E-16    0.423370E-18    0.974226E-18
  660    0.370188E-18   -0.269736E-18   -0.575692E-19    0.288582E-18   -0.167010E-18   -0.155664E-17   -0.269736E-18    0.136380E-17    0.412143E-18   -0.407307E-18    0.273004E-18   -0.896533E-16   -0.575692E-19    0.412143E-18    0.256919E-18   -0.142032E-18    0.273967E-18    0.324088E-18    0.288582E-18   -0.407307E-18   -0.142032E-18   -0.136293E-17   -0.307163E-18   -0.256735E-16   -0.167010E-18    0.273004E-18    0.273967E-18   -0.307163E-18    0.315937E-18    0.346813E-18   -0.155664E-17   -0.896533E-16    0.324088E-18   -0.256735E-16    0.346813E-18    0.796875E-18
  680    0.230772E-18   -0.895668E-19   -0.387953E-19    0.246408E-18   -0.154620E-18   -0.106324E-17   -0.895668E-19    0.100954E-17    0.377393E-18    0.717849E-19    0.295005E-18   -0.807886E-16   -0.387953E-19    0.377393E-18    0.243477E-18   -0.688509E-19    0.257587E-18    0.271794E-18    0.246408E-18    0.717849E-19   -0.688509E-19   -0.440805E-18   -0.293070E-18   -0.210924E-16   -0.154620E-18    0.295005E-18    0.257587E-18   -0.293070E-18    0.287493E-18    0.273337E-18   -0.106324E-17   -0.807886E-16    0.271794E-18   -0.210924E-16    0.273337E-18    0.654181E-18
  700    0.126441E-18    0.491770E-19   -0.202038E-19    0.237714E-18   -0.129050E-18   -0.622993E-18    0.491770E-19    0.670946E-18    0.334919E-18    0.340633E-18    0.320846E-18   -0.729376E-16   -0.202038E-19    0.334919E-18    0.235698E-18   -0.700015E-21    0.246831E-18    0.228111E-18    0.237714E-18    0.340633E-18   -0.700015E-21    0.286238E-18   -0.207055E-18   -0.174452E-16   -0.129050E-18    0.320846E-18    0.246831E-18   -0.207055E-18    0.265491E-18    0.207069E-18   -0.622993E-18   -0.729376E-16    0.228111E-18   -0.174452E-16    0.207069E-18    0.538825E-18
  720    0.510136E-19    0.131764E-18   -0.368452E-20    0.241288E-18   -0.933111E-19   -0.281359E-18    0.131764E-18    0.389501E-18    0.288420E-18    0.433017E-18    0.344987E-18   -0.662942E-16   -0.368452E-20    0.288420E-18    0.228565E-18    0.549226E-19    0.241620E-18    0.196062E-18    0.241288E-18    0.433017E-18    0.549226E-19    0.702368E-18   -0.636094E-19   -0.152362E-16   -0.933111E-19    0.344987E-18    0.241620E-18   -0.636094E-19    0.251354E-18    0.151828E-18   -0.281359E-18   -0.662942E-16    0.196062E-18   -0.152362E-16    0.151828E-18    0.445034E-18
  740    0.294083E-20    0.160252E-18    0.708652E-20    0.234021E-18   -0.544349E-19   -0.686035E-19    0.160252E-18    0.192788E-18    0.246769E-18    0.435018E-18    0.361882E-18   -0.607748E-16    0.708652E-20    0.246769E-18    0.223898E-18    0.901960E-19    0.239875E-18    0.166611E-18    0.234021E-18    0.435018E-18    0.901960E-19    0.842708E-18    0.107675E-18   -0.139715E-16   -0.544349E-19    0.361882E-18    0.239875E-18    0.107675E-18    0.246005E-18    0.104880E-18   -0.686035E-19   -0.607748E-16    0.166611E-18   -0.139715E-16    0.104880E-18    0.368864E-18
  760   -0.193459E-19    0.151613E-18    0.123547E-19    0.213719E-18   -0.173719E-19    0.575205E-19    0.151613E-18    0.906479E-19    0.213040E-18    0.417514E-18    0.365918E-18   -0.562619E-16    0.123547E-19    0.213040E-18    0.221306E-18    0.107524E-18    0.243087E-18    0.143692E-18    0.213719E-18    0.417514E-18    0.107524E-18    0.797701E-18    0.262083E-18   -0.137206E-16   -0.173719E-19    0.365918E-18    0.243087E-18    0.262083E-18    0.253671E-18    0.750456E-19    0.575205E-19   -0.562619E-16    0.143692E-18   -0.137206E-16    0.750456E-19    0.305969E-18
  780   -0.269017E-19    0.115527E-18    0.115084E-19    0.173270E-18    0.811182E-20    0.110473E-18    0.115527E-18    0.752136E-19    0.190246E-18    0.413846E-18    0.358554E-18   -0.526652E-16    0.115084E-19    0.190246E-18    0.217714E-18    0.104431E-18    0.247105E-18    0.122831E-18    0.173270E-18    0.413846E-18    0.104431E-18    0.700952E-18    0.378739E-18   -0.137176E-16    0.811182E-20    0.358554E-18    0.247105E-18    0.378739E-18    0.261986E-18    0.546124E-19    0.110473E-18   -0.526652E-16    0.122831E-18   -0.137176E-16    0.546124E-19    0.254484E-18
  800   -0.229454E-19    0.674612E-19    0.594922E-20    0.129960E-18    0.240931E-19    0.125657E-18    0.674612E-19    0.123326E-18    0.179482E-18    0.371892E-18    0.347181E-18   -0.496147E-16    0.594922E-20    0.179482E-18    0.215183E-18    0.831953E-19    0.250418E-18    0.103888E-18    0.129960E-18    0.371892E-18    0.831953E-19    0.597792E-18    0.432091E-18   -0.133681E-16    0.240931E-19    0.347181E-18    0.250418E-18    0.432091E-18    0.269003E-18    0.415567E-19    0.125657E-18   -0.496147E-16    0.103888E-18   -0.133681E-16    0.415567E-19    0.211921E-18
  820   -0.168513E-19    0.134227E-19   -0.260897E-20    0.913730E-19    0.261444E-19    0.135259E-18    0.134227E-19    0.203117E-18    0.177334E-18    0.280633E-18    0.332680E-18   -0.463513E-16   -0.260897E-20    0.177334E-18    0.212709E-18    0.548285E-19    0.251819E-18    0.860745E-19    0.913730E-19    0.280633E-18    0.548285E-19    0.510225E-18    0.445462E-18   -0.128367E-16    0.261444E-19    0.332680E-18    0.251819E-18    0.445462E-18    0.272477E-18    0.325571E-19    0.135259E-18   -0.463513E-16    0.860745E-19   -0.128367E-16    0.325571E-19    0.176048E-18
  840   -0.124891E-19   -0.321430E-19   -0.122319E-19    0.785113E-19    0.187948E-19    0.136548E-18   -0.321430E-19    0.281544E-18    0.181282E-18    0.168799E-18    0.320505E-18   -0.424170E-16   -0.122319E-19    0.181282E-18    0.208563E-18    0.280403E-19    0.249470E-18    0.690085E-19    0.785113E-19    0.168799E-18    0.280403E-19    0.439119E-18    0.443222E-18   -0.125605E-16    0.187948E-19    0.320505E-18    0.249470E-18    0.443222E-18    0.272704E-18    0.249503E-19    0.136548E-18   -0.424170E-16    0.690085E-19   -0.125605E-16    0.249503E-19    0.146071E-18
  860   -0.117812E-19   -0.679854E-19   -0.198158E-19    0.756257E-19    0.420929E-20    0.153265E-18   -0.679854E-19    0.335768E-18    0.186704E-18    0.622135E-19    0.300758E-18   -0.382181E-16   -0.198158E-19    0.186704E-18    0.203299E-18    0.316485E-20    0.241905E-18    0.530927E-19    0.756257E-19    0.622135E-19    0.316485E-20    0.417489E-18    0.433392E-18   -0.122863E-16    0.420929E-20    0.300758E-18    0.241905E-18    0.433392E-18    0.271620E-18    0.175848E-19    0.153265E-18   -0.382181E-16    0.530927E-19   -0.122863E-16    0.175848E-19    0.120948E-18
  880   -0.158263E-19   -0.866369E-19   -0.244397E-19    0.771752E-19   -0.138879E-19    0.168765E-18   -0.866369E-19    0.352058E-18    0.191402E-18   -0.253974E-19    0.280393E-18   -0.340391E-16   -0.244397E-19    0.191402E-18    0.200620E-18   -0.175304E-19    0.230555E-18    0.402204E-19    0.771752E-19   -0.253974E-19   -0.175304E-19    0.438054E-18    0.397250E-18   -0.120053E-16   -0.138879E-19    0.280393E-18    0.230555E-18    0.397250E-18    0.267246E-18    0.110238E-19    0.168765E-18   -0.340391E-16    0.402204E-19   -0.120053E-16    0.110238E-19    0.994680E-19
  900   -0.259341E-19   -0.877021E-19   -0.247263E-19    0.730718E-19   -0.312187E-19    0.187859E-18   -0.877021E-19    0.339567E-18    0.193290E-18   -0.844308E-19    0.260552E-18   -0.304860E-16   -0.247263E-19    0.193290E-18    0.192038E-18   -0.286852E-19    0.216022E-18    0.292491E-19    0.730718E-19   -0.844308E-19   -0.286852E-19    0.466261E-18    0.337381E-18   -0.114847E-16   -0.312187E-19    0.260552E-18    0.216022E-18    0.337381E-18    0.258738E-18    0.682937E-20    0.187859E-18   -0.304860E-16    0.292491E-19   -0.114847E-16    0.682937E-20    0.815370E-19
  920   -0.397667E-19   -0.732620E-19   -0.204198E-19    0.576185E-19   -0.467577E-19    0.195760E-18   -0.732620E-19    0.299219E-18    0.185276E-18   -0.110782E-18    0.242348E-18   -0.271843E-16   -0.204198E-19    0.185276E-18    0.186042E-18   -0.273735E-19    0.200928E-18    0.193334E-19    0.576185E-19   -0.110782E-18   -0.273735E-19    0.469844E-18    0.242354E-18   -0.108812E-16   -0.467577E-19    0.242348E-18    0.200928E-18    0.242354E-18    0.243480E-18    0.265314E-20    0.195760E-18   -0.271843E-16    0.193334E-19   -0.108812E-16    0.265314E-20    0.664833E-19
  940   -0.536486E-19   -0.480635E-19   -0.118748E-19    0.392094E-19   -0.560934E-19    0.194986E-18   -0.480635E-19    0.245050E-18    0.171677E-18   -0.108023E-18    0.221170E-18   -0.245765E-16   -0.118748E-19    0.171677E-18    0.180011E-18   -0.112161E-19    0.188537E-18    0.116837E-19    0.392094E-19   -0.108023E-18   -0.112161E-19    0.453240E-18    0.141109E-18   -0.102891E-16   -0.560934E-19    0.221170E-18    0.188537E-18    0.141109E-18    0.224901E-18   -0.278013E-22    0.194986E-18   -0.245765E-16    0.116837E-19   -0.102891E-16   -0.278013E-22    0.537761E-19
  960   -0.632646E-19   -0.153476E-19   -0.479278E-21    0.253359E-19   -0.577417E-19    0.180670E-18   -0.153476E-19    0.175950E-18    0.148930E-18   -0.854996E-19    0.201746E-18   -0.221291E-16   -0.479278E-21    0.148930E-18    0.170726E-18    0.224920E-19    0.179754E-18    0.723307E-20    0.253359E-19   -0.854996E-19    0.224920E-19    0.431429E-18    0.522632E-19   -0.967740E-17   -0.577417E-19    0.201746E-18    0.179754E-18    0.522632E-19    0.208677E-18    0.655678E-21    0.180670E-18   -0.221291E-16    0.723307E-20   -0.967740E-17    0.655678E-21    0.430553E-19
  980   -0.702921E-19    0.183309E-19    0.118498E-19    0.168442E-19   -0.526122E-19    0.161574E-18    0.183309E-19    0.105173E-18    0.125494E-18   -0.532507E-19    0.177970E-18   -0.202444E-16    0.118498E-19    0.125494E-18    0.165736E-18    0.679583E-19    0.173438E-18    0.650223E-20    0.168442E-19   -0.532507E-19    0.679583E-19    0.437258E-18   -0.197173E-19   -0.918596E-17   -0.526122E-19    0.177970E-18    0.173438E-18   -0.197173E-19    0.200129E-18    0.203321E-20    0.161574E-18   -0.202444E-16    0.650223E-20   -0.918596E-17    0.203321E-20    0.341247E-19
 1000   -0.691478E-19    0.491444E-19    0.226526E-19    0.253658E-19   -0.428495E-19    0.140127E-18    0.491444E-19    0.276433E-19    0.101578E-18   -0.168767E-19    0.157072E-18   -0.183739E-16    0.226526E-19    0.101578E-18    0.156378E-18    0.117315E-18    0.166732E-18    0.842724E-20    0.253658E-19   -0.168767E-19    0.117315E-18    0.487037E-18   -0.721789E-19   -0.864578E-17   -0.428495E-19    0.157072E-18    0.166732E-18   -0.721789E-19    0.197457E-18    0.358470E-20    0.140127E-18   -0.183739E-16    0.842724E-20   -0.864578E-17    0.358470E-20    0.267756E-19
