     0               2              12              22              32              42              52              62              72              82              92             102             132             162             192             222             252             282             312             342             372             402             432             462             492             522             552             852
    20   -0.786437E-04   -0.176389E-02   -0.320022E-02   -0.387128E-02   -0.370487E-02   -0.240346E-02    0.721556E-04    0.393898E-02    0.922408E-02    0.158770E-01    0.472497E-01    0.155672E+00    0.243822E+00    0.303990E+00    0.317946E+00    0.281390E+00    0.212441E+00    0.138896E+00    0.930671E-01    0.904826E-01    0.128181E+00    0.187227E+00    0.243050E+00    0.269382E+00    0.252837E+00    0.110518E+01    0.169205E+01
    40   -0.799591E-04   -0.176662E-02   -0.314455E-02   -0.375582E-02   -0.359300E-02   -0.218350E-02    0.411212E-03    0.451504E-02    0.989384E-02    0.166558E-01    0.492109E-01    0.158237E+00    0.244255E+00    0.300464E+00    0.310432E+00    0.271631E+00    0.201854E+00    0.130500E+00    0.874395E-01    0.892310E-01    0.132377E+00    0.193547E+00    0.246791E+00    0.270730E+00    0.249839E+00    0.107067E+01    0.169058E+01
    60   -0.792730E-04   -0.172381E-02   -0.302604E-02   -0.342765E-02   -0.318933E-02   -0.136096E-02    0.161040E-02    0.608271E-02    0.118486E-01    0.191028E-01    0.549401E-01    0.169534E+00    0.255958E+00    0.309934E+00    0.315311E+00    0.273272E+00    0.202810E+00    0.132779E+00    0.942875E-01    0.992053E-01    0.146592E+00    0.209932E+00    0.260446E+00    0.280095E+00    0.255869E+00    0.109832E+01    0.174507E+01
    80   -0.732409E-04   -0.156502E-02   -0.267664E-02   -0.276846E-02   -0.215695E-02    0.174375E-03    0.356022E-02    0.857418E-02    0.150335E-01    0.230134E-01    0.640714E-01    0.187354E+00    0.274123E+00    0.325565E+00    0.326517E+00    0.281612E+00    0.212485E+00    0.144524E+00    0.110383E+00    0.119041E+00    0.168689E+00    0.229379E+00    0.276984E+00    0.291644E+00    0.263030E+00    0.114282E+01    0.180615E+01
   100   -0.614583E-04   -0.125109E-02   -0.200112E-02   -0.167231E-02   -0.477124E-03    0.253555E-02    0.669380E-02    0.123714E-01    0.196139E-01    0.284176E-01    0.762358E-01    0.210642E+00    0.297664E+00    0.346879E+00    0.343623E+00    0.296179E+00    0.227660E+00    0.165112E+00    0.136952E+00    0.149498E+00    0.199129E+00    0.257477E+00    0.296947E+00    0.304796E+00    0.273942E+00    0.120593E+01    0.183855E+01
   120   -0.377169E-04   -0.681815E-03   -0.869729E-03    0.269008E-03    0.228259E-02    0.620658E-02    0.113106E-01    0.179860E-01    0.264208E-01    0.360220E-01    0.933589E-01    0.241734E+00    0.329681E+00    0.377233E+00    0.371618E+00    0.323267E+00    0.257917E+00    0.199761E+00    0.176715E+00    0.193588E+00    0.241999E+00    0.291421E+00    0.323186E+00    0.323297E+00    0.287735E+00    0.128614E+01    0.189991E+01
   140   -0.194564E-06    0.228270E-03    0.103266E-02    0.312183E-02    0.638773E-02    0.114675E-01    0.177428E-01    0.258325E-01    0.356145E-01    0.464143E-01    0.115950E+00    0.284092E+00    0.374518E+00    0.420882E+00    0.415244E+00    0.368646E+00    0.308575E+00    0.256412E+00    0.239261E+00    0.255376E+00    0.302817E+00    0.342651E+00    0.361268E+00    0.352030E+00    0.313086E+00    0.143198E+01    0.200436E+01
   160    0.656420E-04    0.176157E-02    0.398322E-02    0.778245E-02    0.127757E-01    0.193941E-01    0.275913E-01    0.374995E-01    0.489562E-01    0.613981E-01    0.148485E+00    0.341551E+00    0.437402E+00    0.484666E+00    0.481812E+00    0.440676E+00    0.387190E+00    0.343839E+00    0.329479E+00    0.346675E+00    0.384514E+00    0.411538E+00    0.413731E+00    0.389563E+00    0.343641E+00    0.163993E+01    0.218065E+01
   180    0.169010E-03    0.415728E-02    0.876312E-02    0.148134E-01    0.221598E-01    0.312878E-01    0.417888E-01    0.541567E-01    0.676956E-01    0.822539E-01    0.193605E+00    0.420358E+00    0.523631E+00    0.575153E+00    0.579313E+00    0.548161E+00    0.504276E+00    0.470410E+00    0.459822E+00    0.470907E+00    0.493597E+00    0.501175E+00    0.480051E+00    0.440235E+00    0.386789E+00    0.191725E+01    0.244569E+01
   200    0.331234E-03    0.782046E-02    0.159827E-01    0.254517E-01    0.362284E-01    0.486310E-01    0.619898E-01    0.771715E-01    0.935010E-01    0.110197E+00    0.253962E+00    0.523428E+00    0.637882E+00    0.700172E+00    0.717822E+00    0.703435E+00    0.675659E+00    0.652147E+00    0.640986E+00    0.638937E+00    0.640859E+00    0.621831E+00    0.575418E+00    0.511000E+00    0.450134E+00    0.231373E+01    0.270417E+01
   220    0.573054E-03    0.135685E-01    0.267144E-01    0.410689E-01    0.567302E-01    0.732506E-01    0.905548E-01    0.109187E+00    0.128478E+00    0.148210E+00    0.334155E+00    0.658167E+00    0.785548E+00    0.866648E+00    0.907239E+00    0.916049E+00    0.905901E+00    0.892217E+00    0.875210E+00    0.858631E+00    0.826208E+00    0.765946E+00    0.684992E+00    0.595841E+00    0.522909E+00    0.283274E+01    0.283429E+01
   240    0.928110E-03    0.216324E-01    0.421184E-01    0.636767E-01    0.855612E-01    0.107505E+00    0.130202E+00    0.152791E+00    0.176404E+00    0.200241E+00    0.444411E+00    0.842537E+00    0.995374E+00    0.111118E+01    0.118782E+01    0.123375E+01    0.124293E+01    0.124181E+01    0.121821E+01    0.117604E+01    0.110268E+01    0.100294E+01    0.881928E+00    0.765071E+00    0.680460E+00    0.364045E+01    0.344664E+01
   260    0.140714E-02    0.324292E-01    0.621712E-01    0.925228E-01    0.122837E+00    0.152167E+00    0.181524E+00    0.210196E+00    0.238348E+00    0.266421E+00    0.585059E+00    0.108280E+01    0.127878E+01    0.144077E+01    0.156702E+01    0.165414E+01    0.168932E+01    0.169527E+01    0.166061E+01    0.159548E+01    0.148439E+01    0.134075E+01    0.117745E+01    0.102294E+01    0.916272E+00    0.489971E+01    0.377566E+01
   280    0.196664E-02    0.451572E-01    0.860122E-01    0.125960E+00    0.165365E+00    0.203080E+00    0.239173E+00    0.273791E+00    0.309422E+00    0.343891E+00    0.753503E+00    0.138192E+01    0.162972E+01    0.187500E+01    0.205439E+01    0.219404E+01    0.225687E+01    0.226892E+01    0.222877E+01    0.215841E+01    0.201772E+01    0.183217E+01    0.162697E+01    0.143219E+01    0.127655E+01    0.678829E+01    0.427862E+01
   300    0.247716E-02    0.558589E-01    0.105624E+00    0.152977E+00    0.200553E+00    0.243521E+00    0.285861E+00    0.326737E+00    0.367741E+00    0.409752E+00    0.904466E+00    0.167257E+01    0.200370E+01    0.234837E+01    0.260204E+01    0.278631E+01    0.289489E+01    0.292565E+01    0.291760E+01    0.287490E+01    0.275507E+01    0.256163E+01    0.232248E+01    0.206491E+01    0.184624E+01    0.941594E+01    0.607187E+01
   320    0.246007E-02    0.561376E-01    0.103317E+00    0.149301E+00    0.193490E+00    0.235716E+00    0.275968E+00    0.318056E+00    0.362698E+00    0.409633E+00    0.924443E+00    0.174619E+01    0.215514E+01    0.258900E+01    0.288686E+01    0.310976E+01    0.325534E+01    0.334312E+01    0.340972E+01    0.345576E+01    0.341142E+01    0.325823E+01    0.300629E+01    0.269127E+01    0.236036E+01    0.116384E+02    0.770331E+01
   340    0.186464E-02    0.418543E-01    0.751408E-01    0.106065E+00    0.137927E+00    0.167620E+00    0.199382E+00    0.237604E+00    0.277774E+00    0.325683E+00    0.762409E+00    0.153186E+01    0.200340E+01    0.249240E+01    0.281750E+01    0.302694E+01    0.325096E+01    0.342662E+01    0.360551E+01    0.381072E+01    0.389719E+01    0.380321E+01    0.355979E+01    0.316659E+01    0.275600E+01    0.132936E+02    0.107093E+02
   360    0.854269E-03    0.183735E-01    0.297814E-01    0.403926E-01    0.508815E-01    0.651595E-01    0.825996E-01    0.109183E+00    0.141537E+00    0.183356E+00    0.474490E+00    0.109270E+01    0.153761E+01    0.201511E+01    0.233280E+01    0.255884E+01    0.282639E+01    0.310820E+01    0.341018E+01    0.373497E+01    0.393987E+01    0.391258E+01    0.367430E+01    0.325222E+01    0.277655E+01    0.130591E+02    0.130699E+02
   380   -0.132850E-03   -0.362618E-02   -0.123429E-01   -0.211025E-01   -0.275727E-01   -0.291404E-01   -0.275155E-01   -0.120632E-01    0.891307E-02    0.428331E-01    0.176586E+00    0.596996E+00    0.994734E+00    0.141978E+01    0.171442E+01    0.191135E+01    0.223656E+01    0.260728E+01    0.297463E+01    0.338706E+01    0.365097E+01    0.363703E+01    0.339886E+01    0.297802E+01    0.250042E+01    0.113515E+02    0.141816E+02
   400   -0.816509E-03   -0.191373E-01   -0.413626E-01   -0.625074E-01   -0.826922E-01   -0.961475E-01   -0.104933E+00   -0.996961E-01   -0.900714E-01   -0.647305E-01   -0.610262E-01    0.177448E+00    0.518580E+00    0.888710E+00    0.117224E+01    0.139162E+01    0.175275E+01    0.217297E+01    0.258627E+01    0.302184E+01    0.330468E+01    0.330724E+01    0.305694E+01    0.263849E+01    0.217429E+01    0.988475E+01    0.146935E+02
   420   -0.125412E-02   -0.290441E-01   -0.601431E-01   -0.894037E-01   -0.117942E+00   -0.139380E+00   -0.156959E+00   -0.161596E+00   -0.161026E+00   -0.145533E+00   -0.245609E+00   -0.168951E+00    0.110434E+00    0.442558E+00    0.720730E+00    0.955041E+00    0.134937E+01    0.183434E+01    0.227783E+01    0.269661E+01    0.297573E+01    0.295663E+01    0.270677E+01    0.231143E+01    0.189070E+01    0.848103E+01    0.140509E+02
   440   -0.155096E-02   -0.357545E-01   -0.728876E-01   -0.108258E+00   -0.142378E+00   -0.172450E+00   -0.197024E+00   -0.211159E+00   -0.221209E+00   -0.217046E+00   -0.411484E+00   -0.509635E+00   -0.287863E+00    0.349281E-02    0.297386E+00    0.582684E+00    0.101419E+01    0.153199E+01    0.200205E+01    0.238802E+01    0.264280E+01    0.263696E+01    0.238097E+01    0.202876E+01    0.166171E+01    0.773346E+01    0.129254E+02
   460   -0.176676E-02   -0.405458E-01   -0.823342E-01   -0.121794E+00   -0.161758E+00   -0.199226E+00   -0.233439E+00   -0.258500E+00   -0.278818E+00   -0.287311E+00   -0.580708E+00   -0.859256E+00   -0.705133E+00   -0.437438E+00   -0.113604E+00    0.234159E+00    0.729993E+00    0.129104E+01    0.178138E+01    0.215494E+01    0.240125E+01    0.239601E+01    0.216284E+01    0.186741E+01    0.157374E+01    0.762844E+01    0.111054E+02
   480   -0.197113E-02   -0.452380E-01   -0.914860E-01   -0.136878E+00   -0.184662E+00   -0.230182E+00   -0.274098E+00   -0.311847E+00   -0.345100E+00   -0.369886E+00   -0.780350E+00   -0.127911E+01   -0.119506E+01   -0.937485E+00   -0.563952E+00   -0.135393E+00    0.416618E+00    0.105054E+01    0.157606E+01    0.194844E+01    0.217682E+01    0.221815E+01    0.204384E+01    0.182343E+01    0.159140E+01    0.800359E+01    0.910906E+01
   500   -0.223194E-02   -0.514697E-01   -0.104679E+00   -0.157782E+00   -0.214337E+00   -0.270040E+00   -0.326424E+00   -0.379682E+00   -0.429922E+00   -0.473346E+00   -0.102753E+01   -0.179709E+01   -0.179867E+01   -0.155856E+01   -0.112665E+01   -0.605813E+00    0.383939E-01    0.743646E+00    0.131867E+01    0.170047E+01    0.198429E+01    0.207526E+01    0.197996E+01    0.185937E+01    0.170957E+01    0.832864E+01    0.596380E+01
   520   -0.262133E-02   -0.602673E-01   -0.123048E+00   -0.186450E+00   -0.253271E+00   -0.322742E+00   -0.394776E+00   -0.465897E+00   -0.535407E+00   -0.599988E+00   -0.132123E+01   -0.240573E+01   -0.251417E+01   -0.229023E+01   -0.180442E+01   -0.119125E+01   -0.469760E+00    0.308657E+00    0.964096E+00    0.141245E+01    0.174639E+01    0.195279E+01    0.196865E+01    0.192453E+01    0.182206E+01    0.905536E+01    0.218215E+01
   540   -0.310730E-02   -0.718838E-01   -0.146577E+00   -0.222111E+00   -0.302557E+00   -0.387056E+00   -0.476311E+00   -0.565997E+00   -0.653459E+00   -0.737757E+00   -0.163686E+01   -0.304764E+01   -0.326885E+01   -0.308862E+01   -0.257095E+01   -0.189678E+01   -0.109262E+01   -0.211525E+00    0.515752E+00    0.102767E+01    0.149384E+01    0.182683E+01    0.194331E+01    0.198998E+01    0.196919E+01    0.101192E+02   -0.135603E+01
   560   -0.373186E-02   -0.861582E-01   -0.176467E+00   -0.265824E+00   -0.361548E+00   -0.462475E+00   -0.566971E+00   -0.671779E+00   -0.775360E+00   -0.875887E+00   -0.194014E+01   -0.364782E+01   -0.398197E+01   -0.384681E+01   -0.333173E+01   -0.262642E+01   -0.178697E+01   -0.814361E+00    0.148737E-01    0.632037E+00    0.122506E+01    0.168754E+01    0.188197E+01    0.206341E+01    0.214368E+01    0.109608E+02   -0.422212E+01
   580   -0.442552E-02   -0.102364E+00   -0.208711E+00   -0.314508E+00   -0.425701E+00   -0.540141E+00   -0.658407E+00   -0.774940E+00   -0.889540E+00   -0.999524E+00   -0.220429E+01   -0.413376E+01   -0.457015E+01   -0.449733E+01   -0.401696E+01   -0.332857E+01   -0.245606E+01   -0.141314E+01   -0.507800E+00    0.227410E+00    0.916521E+00    0.145202E+01    0.177763E+01    0.207966E+01    0.229124E+01    0.119767E+02   -0.557428E+01
   600   -0.509547E-02   -0.117919E+00   -0.238706E+00   -0.359946E+00   -0.484012E+00   -0.609833E+00   -0.737504E+00   -0.860309E+00   -0.980480E+00   -0.109492E+01   -0.239844E+01   -0.446086E+01   -0.496615E+01   -0.495629E+01   -0.454151E+01   -0.391401E+01   -0.305833E+01   -0.198079E+01   -0.100866E+01   -0.218687E+00    0.536422E+00    0.116023E+01    0.156402E+01    0.196303E+01    0.232380E+01    0.129136E+02   -0.525282E+01
   620   -0.562467E-02   -0.130217E+00   -0.262155E+00   -0.394306E+00   -0.528182E+00   -0.660918E+00   -0.793313E+00   -0.918942E+00   -0.104017E+01   -0.115278E+01   -0.251075E+01   -0.461792E+01   -0.515384E+01   -0.520673E+01   -0.486683E+01   -0.431659E+01   -0.351180E+01   -0.245175E+01   -0.146560E+01   -0.641611E+00    0.152412E+00    0.840078E+00    0.134837E+01    0.180996E+01    0.223894E+01    0.131736E+02   -0.283795E+01
   640   -0.596139E-02   -0.137938E+00   -0.276263E+00   -0.414981E+00   -0.553878E+00   -0.690081E+00   -0.823767E+00   -0.949353E+00   -0.106834E+01   -0.117787E+01   -0.254979E+01   -0.464512E+01   -0.519087E+01   -0.528711E+01   -0.502753E+01   -0.456901E+01   -0.382687E+01   -0.282107E+01   -0.184625E+01   -0.105041E+01   -0.264403E+00    0.488785E+00    0.105772E+01    0.159332E+01    0.206721E+01    0.128459E+02    0.115951E+00
   660   -0.610960E-02   -0.141267E+00   -0.281825E+00   -0.422830E+00   -0.563188E+00   -0.700182E+00   -0.833129E+00   -0.956711E+00   -0.107323E+01   -0.117835E+01   -0.254440E+01   -0.459927E+01   -0.513724E+01   -0.527541E+01   -0.508214E+01   -0.469849E+01   -0.404311E+01   -0.312637E+01   -0.220645E+01   -0.140979E+01   -0.613306E+00    0.142229E+00    0.756159E+00    0.130927E+01    0.183539E+01    0.118969E+02    0.337797E+01
   680   -0.610772E-02   -0.141134E+00   -0.280718E+00   -0.421035E+00   -0.560282E+00   -0.695953E+00   -0.826890E+00   -0.948644E+00   -0.106259E+01   -0.116541E+01   -0.251322E+01   -0.452741E+01   -0.506018E+01   -0.522817E+01   -0.509847E+01   -0.478470E+01   -0.419836E+01   -0.336228E+01   -0.249726E+01   -0.174522E+01   -0.947626E+00   -0.191699E+00    0.458228E+00    0.103582E+01    0.157470E+01    0.109706E+02    0.607835E+01
   700   -0.601506E-02   -0.138923E+00   -0.275661E+00   -0.413435E+00   -0.550215E+00   -0.683704E+00   -0.812503E+00   -0.932704E+00   -0.104554E+01   -0.114698E+01   -0.247750E+01   -0.446253E+01   -0.499296E+01   -0.519475E+01   -0.511256E+01   -0.484653E+01   -0.433064E+01   -0.358162E+01   -0.276528E+01   -0.202501E+01   -0.125592E+01   -0.486935E+00    0.176176E+00    0.749331E+00    0.129692E+01    0.975194E+01    0.841402E+01
   720   -0.587515E-02   -0.135605E+00   -0.268624E+00   -0.403047E+00   -0.536749E+00   -0.667732E+00   -0.794629E+00   -0.914033E+00   -0.102662E+01   -0.112908E+01   -0.244473E+01   -0.442157E+01   -0.496019E+01   -0.519046E+01   -0.515132E+01   -0.492360E+01   -0.445765E+01   -0.377194E+01   -0.302062E+01   -0.231147E+01   -0.156176E+01   -0.797876E+00   -0.110668E+00    0.482027E+00    0.103119E+01    0.844107E+01    0.102402E+02
   740   -0.572640E-02   -0.132113E+00   -0.261385E+00   -0.392312E+00   -0.523015E+00   -0.651893E+00   -0.777412E+00   -0.896703E+00   -0.101032E+01   -0.111461E+01   -0.242314E+01   -0.441015E+01   -0.496523E+01   -0.522918E+01   -0.522095E+01   -0.501603E+01   -0.460118E+01   -0.399130E+01   -0.328871E+01   -0.258876E+01   -0.185158E+01   -0.109132E+01   -0.399404E+00    0.204832E+00    0.765515E+00    0.717312E+01    0.116224E+02
   760   -0.560277E-02   -0.129200E+00   -0.255467E+00   -0.383575E+00   -0.511892E+00   -0.639205E+00   -0.764203E+00   -0.884265E+00   -0.999709E+00   -0.110733E+01   -0.241697E+01   -0.443344E+01   -0.501463E+01   -0.530737E+01   -0.532977E+01   -0.515387E+01   -0.477751E+01   -0.422415E+01   -0.354895E+01   -0.287420E+01   -0.215429E+01   -0.138365E+01   -0.668123E+00   -0.477329E-01    0.521864E+00    0.583171E+01    0.128333E+02
   780   -0.553717E-02   -0.127633E+00   -0.252306E+00   -0.378795E+00   -0.506025E+00   -0.632781E+00   -0.758473E+00   -0.880281E+00   -0.998521E+00   -0.111017E+01   -0.243283E+01   -0.449771E+01   -0.511188E+01   -0.544096E+01   -0.549110E+01   -0.534936E+01   -0.502082E+01   -0.451051E+01   -0.385872E+01   -0.317714E+01   -0.244761E+01   -0.167850E+01   -0.939540E+00   -0.292961E+00    0.289078E+00    0.468994E+01    0.140068E+02
   800   -0.552410E-02   -0.127283E+00   -0.251712E+00   -0.377656E+00   -0.504761E+00   -0.631905E+00   -0.758830E+00   -0.882541E+00   -0.100373E+01   -0.111958E+01   -0.246141E+01   -0.458272E+01   -0.523293E+01   -0.559383E+01   -0.569050E+01   -0.558942E+01   -0.529592E+01   -0.478811E+01   -0.414016E+01   -0.347488E+01   -0.274206E+01   -0.194451E+01   -0.118557E+01   -0.514963E+00    0.902258E-01    0.345301E+01    0.149736E+02
   820   -0.549946E-02   -0.126641E+00   -0.250400E+00   -0.375465E+00   -0.501991E+00   -0.628414E+00   -0.755318E+00   -0.879594E+00   -0.100227E+01   -0.112036E+01   -0.246833E+01   -0.461784E+01   -0.529676E+01   -0.570212E+01   -0.585325E+01   -0.578664E+01   -0.552915E+01   -0.503911E+01   -0.441416E+01   -0.372572E+01   -0.299115E+01   -0.219361E+01   -0.141596E+01   -0.724868E+00   -0.924425E-01    0.244614E+01    0.158288E+02
   840   -0.540934E-02   -0.124506E+00   -0.246191E+00   -0.368685E+00   -0.492674E+00   -0.616548E+00   -0.740983E+00   -0.863165E+00   -0.984091E+00   -0.110107E+01   -0.242793E+01   -0.455907E+01   -0.525051E+01   -0.568711E+01   -0.588305E+01   -0.585891E+01   -0.562057E+01   -0.514721E+01   -0.452328E+01   -0.387767E+01   -0.314274E+01   -0.234900E+01   -0.159384E+01   -0.888636E+00   -0.262306E+00    0.140726E+01    0.163797E+02
   860   -0.529165E-02   -0.121713E+00   -0.240569E+00   -0.359999E+00   -0.479959E+00   -0.600128E+00   -0.720773E+00   -0.838712E+00   -0.955974E+00   -0.106878E+01   -0.235308E+01   -0.442129E+01   -0.511712E+01   -0.558797E+01   -0.581376E+01   -0.581364E+01   -0.560854E+01   -0.515956E+01   -0.456428E+01   -0.391040E+01   -0.320219E+01   -0.242894E+01   -0.168017E+01   -0.100119E+01   -0.385404E+00    0.645439E+00    0.163178E+02
   880   -0.517471E-02   -0.118948E+00   -0.235015E+00   -0.350749E+00   -0.467499E+00   -0.582926E+00   -0.698803E+00   -0.811777E+00   -0.923450E+00   -0.103034E+01   -0.226796E+01   -0.425596E+01   -0.494537E+01   -0.541417E+01   -0.565808E+01   -0.567538E+01   -0.549918E+01   -0.505603E+01   -0.448888E+01   -0.386266E+01   -0.316424E+01   -0.242487E+01   -0.169602E+01   -0.103351E+01   -0.440971E+00    0.508400E-01    0.158715E+02
   900   -0.511119E-02   -0.117215E+00   -0.231212E+00   -0.345334E+00   -0.458683E+00   -0.571064E+00   -0.683187E+00   -0.790330E+00   -0.897375E+00   -0.999654E+00   -0.219341E+01   -0.410827E+01   -0.478719E+01   -0.526258E+01   -0.551997E+01   -0.556290E+01   -0.540209E+01   -0.500153E+01   -0.442680E+01   -0.379975E+01   -0.314096E+01   -0.239021E+01   -0.169142E+01   -0.105643E+01   -0.477261E+00   -0.447789E+00    0.152782E+02
   920   -0.507157E-02   -0.116495E+00   -0.229556E+00   -0.341049E+00   -0.452997E+00   -0.562168E+00   -0.669536E+00   -0.773830E+00   -0.874661E+00   -0.971021E+00   -0.212723E+01   -0.396704E+01   -0.462564E+01   -0.508197E+01   -0.534547E+01   -0.540245E+01   -0.525265E+01   -0.486824E+01   -0.434131E+01   -0.372400E+01   -0.305007E+01   -0.235037E+01   -0.165766E+01   -0.103828E+01   -0.495205E+00   -0.441079E+00    0.144564E+02
   940   -0.510785E-02   -0.116855E+00   -0.229390E+00   -0.341708E+00   -0.450673E+00   -0.558957E+00   -0.663685E+00   -0.763993E+00   -0.861540E+00   -0.955934E+00   -0.208466E+01   -0.388372E+01   -0.450698E+01   -0.496214E+01   -0.524086E+01   -0.532437E+01   -0.520416E+01   -0.481801E+01   -0.427975E+01   -0.370086E+01   -0.302015E+01   -0.229493E+01   -0.164320E+01   -0.103729E+01   -0.502576E+00   -0.732194E+00    0.143864E+02
   960   -0.512028E-02   -0.117495E+00   -0.230239E+00   -0.340232E+00   -0.449748E+00   -0.554724E+00   -0.655055E+00   -0.753871E+00   -0.847663E+00   -0.937216E+00   -0.204322E+01   -0.377771E+01   -0.438805E+01   -0.483145E+01   -0.509230E+01   -0.519687E+01   -0.506915E+01   -0.471044E+01   -0.421978E+01   -0.362994E+01   -0.295669E+01   -0.225813E+01   -0.159050E+01   -0.101813E+01   -0.493555E+00   -0.510358E+00    0.133036E+02
   980   -0.522931E-02   -0.119366E+00   -0.232187E+00   -0.343535E+00   -0.450365E+00   -0.555308E+00   -0.656950E+00   -0.751720E+00   -0.847004E+00   -0.934813E+00   -0.203886E+01   -0.375563E+01   -0.432845E+01   -0.477912E+01   -0.504818E+01   -0.516358E+01   -0.508608E+01   -0.470314E+01   -0.419550E+01   -0.363324E+01   -0.290338E+01   -0.217573E+01   -0.154911E+01   -0.946230E+00   -0.430992E+00   -0.439202E+00    0.130977E+02
  1000   -0.525549E-02   -0.119943E+00   -0.234358E+00   -0.342321E+00   -0.451737E+00   -0.553312E+00   -0.652593E+00   -0.749831E+00   -0.843564E+00   -0.924437E+00   -0.201362E+01   -0.368609E+01   -0.425782E+01   -0.467984E+01   -0.494660E+01   -0.505895E+01   -0.498801E+01   -0.465546E+01   -0.414497E+01   -0.356299E+01   -0.286090E+01   -0.211852E+01   -0.146215E+01   -0.870699E+00   -0.370683E+00    0.152925E+00    0.118202E+02
