     0               2              12              22              32              42              52              62              72              82              92             102             132             162             192             222             252             282             312             342             372             402             432             462             492             522             552             852
    20   -0.935931E-08    0.980420E-07   -0.348737E-06   -0.376399E-06   -0.572932E-07   -0.598753E-06   -0.451164E-06   -0.610684E-06   -0.788281E-06   -0.157740E-05   -0.275178E-05    0.196159E-05   -0.644077E-05   -0.390637E-04   -0.896439E-04   -0.129754E-03   -0.144700E-03   -0.986255E-04   -0.199504E-04    0.461552E-04    0.987844E-04    0.991103E-04    0.715531E-04    0.288289E-04   -0.578616E-05   -0.871149E-04   -0.972356E-03
    40    0.601530E-08    0.332316E-07   -0.624510E-08   -0.155958E-06    0.177470E-06   -0.115542E-06    0.809756E-07    0.210580E-05    0.157923E-05    0.285542E-05    0.138643E-04    0.365928E-04    0.387327E-04    0.137948E-04   -0.466681E-04   -0.952711E-04   -0.107522E-03   -0.720016E-04   -0.255044E-05    0.606308E-04    0.104081E-03    0.110049E-03    0.880983E-04    0.523967E-04    0.277516E-04    0.143820E-03   -0.838733E-03
    60   -0.223785E-07   -0.120993E-06   -0.146531E-06    0.329176E-06   -0.228019E-06    0.922377E-06    0.330820E-05    0.644496E-05    0.718892E-05    0.117524E-04    0.245045E-04    0.776781E-04    0.957172E-04    0.766669E-04    0.205578E-04   -0.322210E-04   -0.689239E-04   -0.418932E-04    0.131697E-04    0.734663E-04    0.119588E-03    0.132418E-03    0.117884E-03    0.882562E-04    0.666741E-04    0.323007E-03   -0.612231E-03
    80   -0.609812E-07   -0.178595E-06    0.337407E-06    0.558884E-06    0.980118E-06    0.428485E-05    0.838145E-05    0.110047E-04    0.110345E-04    0.199671E-04    0.522501E-04    0.143695E-03    0.165881E-03    0.161642E-03    0.106636E-03    0.378630E-04   -0.194402E-04   -0.143364E-04    0.282700E-04    0.863097E-04    0.138145E-03    0.161901E-03    0.152318E-03    0.133048E-03    0.112495E-03    0.551695E-03   -0.190980E-03
   100   -0.130256E-07   -0.173851E-06    0.105433E-05    0.126892E-05    0.349059E-05    0.800092E-05    0.140610E-04    0.157134E-04    0.245429E-04    0.356427E-04    0.880962E-04    0.204861E-03    0.263541E-03    0.250863E-03    0.206727E-03    0.119446E-03    0.425203E-04    0.194933E-04    0.409258E-04    0.102116E-03    0.163333E-03    0.195614E-03    0.201507E-03    0.187435E-03    0.169596E-03    0.827823E-03    0.416338E-03
   120    0.203533E-07   -0.133433E-06    0.165301E-05    0.310686E-05    0.569219E-05    0.113199E-04    0.185685E-04    0.266337E-04    0.383700E-04    0.496397E-04    0.125491E-03    0.288614E-03    0.379543E-03    0.395837E-03    0.332694E-03    0.217399E-03    0.113601E-03    0.556810E-04    0.598055E-04    0.115397E-03    0.183601E-03    0.232639E-03    0.250164E-03    0.249405E-03    0.235170E-03    0.117165E-02    0.137164E-02
   140   -0.278886E-07   -0.250511E-06    0.159067E-05    0.343418E-05    0.807931E-05    0.162370E-04    0.246432E-04    0.375018E-04    0.498632E-04    0.654516E-04    0.160478E-03    0.391199E-03    0.526943E-03    0.564253E-03    0.498493E-03    0.354310E-03    0.198299E-03    0.103977E-03    0.842786E-04    0.133167E-03    0.210608E-03    0.278473E-03    0.316178E-03    0.329889E-03    0.317144E-03    0.160061E-02    0.271644E-02
   160   -0.698789E-07   -0.385302E-06   -0.392557E-06    0.579325E-05    0.127774E-04    0.214452E-04    0.312187E-04    0.480142E-04    0.649576E-04    0.830841E-04    0.213401E-03    0.511097E-03    0.716838E-03    0.787205E-03    0.705904E-03    0.518523E-03    0.305836E-03    0.154776E-03    0.114332E-03    0.151960E-03    0.240532E-03    0.325121E-03    0.387757E-03    0.420056E-03    0.419555E-03    0.214190E-02    0.469439E-02
   180   -0.136713E-06   -0.122961E-05   -0.771318E-06    0.358148E-05    0.109434E-04    0.235683E-04    0.357947E-04    0.571905E-04    0.789699E-04    0.105258E-03    0.266051E-03    0.662899E-03    0.945796E-03    0.107591E-02    0.976589E-03    0.714323E-03    0.425541E-03    0.219000E-03    0.129313E-03    0.167737E-03    0.272849E-03    0.374782E-03    0.468950E-03    0.527315E-03    0.543627E-03    0.277062E-02    0.747182E-02
   200   -0.233752E-06   -0.371035E-05   -0.850979E-05   -0.192117E-05    0.729399E-05    0.190622E-04    0.365345E-04    0.640940E-04    0.887011E-04    0.124351E-03    0.330404E-03    0.855111E-03    0.122224E-02    0.139837E-02    0.127487E-02    0.926424E-03    0.519940E-03    0.241400E-03    0.118062E-03    0.156257E-03    0.278699E-03    0.418519E-03    0.549060E-03    0.642391E-03    0.682366E-03    0.351104E-02    0.108625E-01
   220   -0.486278E-06   -0.920354E-05   -0.172801E-04   -0.145982E-04   -0.617895E-05    0.534503E-05    0.254159E-04    0.520126E-04    0.868750E-04    0.127165E-03    0.354060E-03    0.100093E-02    0.146785E-02    0.168147E-02    0.151657E-02    0.104391E-02    0.515820E-03    0.171976E-03    0.327562E-04    0.742647E-04    0.225850E-03    0.392432E-03    0.557716E-03    0.699668E-03    0.774251E-03    0.405900E-02    0.152771E-01
   240   -0.969569E-06   -0.179347E-04   -0.332966E-04   -0.394758E-04   -0.327555E-04   -0.206540E-04    0.365944E-05    0.346245E-04    0.742616E-04    0.123574E-03    0.360640E-03    0.111292E-02    0.173636E-02    0.191516E-02    0.165984E-02    0.104904E-02    0.375596E-03   -0.625875E-04   -0.217132E-03   -0.110149E-03    0.838246E-04    0.307390E-03    0.527668E-03    0.700510E-03    0.837510E-03    0.465139E-02    0.210002E-01
   260   -0.135423E-05   -0.302307E-04   -0.542837E-04   -0.678079E-04   -0.647622E-04   -0.575029E-04   -0.348861E-04    0.145216E-05    0.482129E-04    0.102365E-03    0.341900E-03    0.118762E-02    0.188496E-02    0.204475E-02    0.166917E-02    0.831448E-03   -0.652532E-05   -0.526417E-03   -0.620461E-03   -0.412997E-03   -0.104407E-03    0.195899E-03    0.446622E-03    0.648042E-03    0.863659E-03    0.521676E-02    0.280559E-01
   280   -0.222584E-05   -0.451331E-04   -0.825452E-04   -0.104824E-03   -0.107050E-03   -0.993954E-04   -0.761413E-04   -0.478479E-04    0.535176E-05    0.611096E-04    0.276609E-03    0.119562E-02    0.198224E-02    0.215678E-02    0.147536E-02    0.414631E-03   -0.635394E-03   -0.124976E-02   -0.128139E-02   -0.877896E-03   -0.329630E-03    0.105032E-03    0.383101E-03    0.635408E-03    0.905256E-03    0.606657E-02    0.366227E-01
   300   -0.275583E-05   -0.556283E-04   -0.933185E-04   -0.122235E-03   -0.134054E-03   -0.126527E-03   -0.996197E-04   -0.682730E-04   -0.188495E-04    0.409060E-04    0.228300E-03    0.108611E-02    0.185843E-02    0.191253E-02    0.984249E-03   -0.333280E-03   -0.160229E-02   -0.225118E-02   -0.216869E-02   -0.137386E-02   -0.423012E-03    0.221038E-03    0.529289E-03    0.694560E-03    0.999958E-03    0.715516E-02    0.472335E-01
   320   -0.264464E-05   -0.497510E-04   -0.701241E-04   -0.102882E-03   -0.103687E-03   -0.900914E-04   -0.571528E-04   -0.287930E-04    0.214348E-04    0.661610E-04    0.257645E-03    0.102087E-02    0.173725E-02    0.149234E-02    0.469418E-03   -0.108992E-02   -0.241276E-02   -0.307478E-02   -0.271552E-02   -0.160472E-02   -0.191689E-03    0.798165E-03    0.109923E-02    0.117952E-02    0.138999E-02    0.997470E-02    0.557179E-01
   340   -0.161795E-05   -0.232866E-04   -0.218642E-04   -0.340178E-04   -0.166613E-04    0.114014E-04    0.630660E-04    0.880472E-04    0.143764E-03    0.180299E-03    0.483697E-03    0.114516E-02    0.156897E-02    0.121576E-02   -0.982164E-06   -0.146732E-02   -0.268254E-02   -0.331703E-02   -0.281421E-02   -0.140489E-02    0.268406E-03    0.140438E-02    0.179779E-02    0.175833E-02    0.189981E-02    0.122745E-01    0.613252E-01
   360    0.395446E-07    0.831032E-05    0.400724E-04    0.536737E-04    0.955356E-04    0.135803E-03    0.196882E-03    0.232818E-03    0.291471E-03    0.336467E-03    0.761183E-03    0.149271E-02    0.161665E-02    0.127062E-02    0.563825E-04   -0.130272E-02   -0.229859E-02   -0.259084E-02   -0.209075E-02   -0.765680E-03    0.748826E-03    0.189405E-02    0.236984E-02    0.237814E-02    0.249368E-02    0.138233E-01    0.634814E-01
   380    0.136624E-05    0.332089E-04    0.873122E-04    0.125295E-03    0.178743E-03    0.227055E-03    0.294251E-03    0.343768E-03    0.404290E-03    0.450126E-03    0.101965E-02    0.184770E-02    0.190154E-02    0.150908E-02    0.354575E-03   -0.749550E-03   -0.147707E-02   -0.144430E-02   -0.940685E-03    0.245032E-04    0.130241E-02    0.214471E-02    0.263812E-02    0.290781E-02    0.299405E-02    0.145037E-01    0.623388E-01
   400    0.197226E-05    0.467453E-04    0.112526E-03    0.155745E-03    0.217074E-03    0.275065E-03    0.344258E-03    0.406532E-03    0.470902E-03    0.523362E-03    0.118677E-02    0.213855E-02    0.228259E-02    0.192622E-02    0.782119E-03   -0.169915E-03   -0.729312E-03   -0.550251E-03    0.668395E-04    0.782743E-03    0.155200E-02    0.218401E-02    0.277762E-02    0.317753E-02    0.323522E-02    0.143154E-01    0.634056E-01
   420    0.230389E-05    0.517006E-04    0.113937E-03    0.167919E-03    0.233143E-03    0.294321E-03    0.362928E-03    0.445206E-03    0.516450E-03    0.575658E-03    0.130357E-02    0.231650E-02    0.257371E-02    0.218710E-02    0.116852E-02    0.292475E-03   -0.134634E-03    0.508149E-04    0.779492E-03    0.137035E-02    0.178789E-02    0.237163E-02    0.294539E-02    0.329938E-02    0.339235E-02    0.139123E-01    0.661202E-01
   440    0.257343E-05    0.493694E-04    0.107496E-03    0.159588E-03    0.226648E-03    0.285067E-03    0.355431E-03    0.439204E-03    0.501254E-03    0.602631E-03    0.134578E-02    0.245819E-02    0.289605E-02    0.248631E-02    0.161967E-02    0.740368E-03    0.300339E-03    0.546795E-03    0.125626E-02    0.185202E-02    0.216881E-02    0.265957E-02    0.322985E-02    0.346503E-02    0.348568E-02    0.144009E-01    0.694663E-01
   460    0.186832E-05    0.424696E-04    0.904976E-04    0.143717E-03    0.196918E-03    0.266831E-03    0.334213E-03    0.416943E-03    0.488224E-03    0.617267E-03    0.137726E-02    0.262044E-02    0.328100E-02    0.298703E-02    0.221201E-02    0.119441E-02    0.679168E-03    0.860460E-03    0.154374E-02    0.222635E-02    0.270625E-02    0.312695E-02    0.353474E-02    0.364469E-02    0.365123E-02    0.152696E-01    0.746166E-01
   480    0.158317E-05    0.343233E-04    0.741998E-04    0.123455E-03    0.162060E-03    0.255423E-03    0.324417E-03    0.429107E-03    0.512429E-03    0.624567E-03    0.142020E-02    0.299517E-02    0.393879E-02    0.382532E-02    0.302399E-02    0.179378E-02    0.102363E-02    0.106047E-02    0.171602E-02    0.253715E-02    0.330142E-02    0.373841E-02    0.403580E-02    0.405780E-02    0.408489E-02    0.180863E-01    0.826862E-01
   500    0.107253E-05    0.182722E-04    0.295556E-04    0.856634E-04    0.123426E-03    0.227263E-03    0.304362E-03    0.407695E-03    0.501032E-03    0.635200E-03    0.155499E-02    0.359882E-02    0.465106E-02    0.501701E-02    0.402851E-02    0.259667E-02    0.153368E-02    0.131135E-02    0.193891E-02    0.302440E-02    0.399037E-02    0.452263E-02    0.471805E-02    0.472769E-02    0.492133E-02    0.224049E-01    0.908680E-01
   520    0.677888E-06    0.384137E-05    0.616049E-05    0.615127E-04    0.102397E-03    0.180434E-03    0.272456E-03    0.394566E-03    0.503139E-03    0.683966E-03    0.170149E-02    0.395027E-02    0.557275E-02    0.604661E-02    0.519285E-02    0.361624E-02    0.243133E-02    0.203826E-02    0.253752E-02    0.378247E-02    0.488671E-02    0.546263E-02    0.564629E-02    0.573492E-02    0.593680E-02    0.269401E-01    0.994549E-01
   540    0.492381E-06    0.173813E-05   -0.839319E-05    0.592165E-04    0.899739E-04    0.184153E-03    0.296078E-03    0.436520E-03    0.562482E-03    0.757585E-03    0.193146E-02    0.447237E-02    0.641450E-02    0.703124E-02    0.627390E-02    0.474943E-02    0.358625E-02    0.306102E-02    0.344408E-02    0.462978E-02    0.580905E-02    0.640577E-02    0.669651E-02    0.696463E-02    0.703305E-02    0.314064E-01    0.107290E+00
   560    0.492429E-06    0.458273E-05    0.197502E-04    0.967557E-04    0.171482E-03    0.297338E-03    0.435018E-03    0.612441E-03    0.772383E-03    0.100013E-02    0.248507E-02    0.564399E-02    0.768924E-02    0.853294E-02    0.781408E-02    0.630009E-02    0.516717E-02    0.457339E-02    0.472493E-02    0.562937E-02    0.680350E-02    0.758290E-02    0.815930E-02    0.843370E-02    0.815378E-02    0.353442E-01    0.114781E+00
   580    0.177248E-05    0.410636E-04    0.110854E-03    0.219583E-03    0.354713E-03    0.502140E-03    0.688088E-03    0.895127E-03    0.109808E-02    0.133109E-02    0.318272E-02    0.661575E-02    0.897694E-02    0.975546E-02    0.934503E-02    0.814476E-02    0.708682E-02    0.651329E-02    0.640789E-02    0.684368E-02    0.777251E-02    0.873350E-02    0.954087E-02    0.980691E-02    0.932753E-02    0.385991E-01    0.123688E+00
   600    0.468286E-05    0.105567E-03    0.249719E-03    0.406924E-03    0.608287E-03    0.802099E-03    0.106802E-02    0.129019E-02    0.153347E-02    0.177311E-02    0.404433E-02    0.793283E-02    0.100578E-01    0.109897E-01    0.109092E-01    0.100294E-01    0.921489E-02    0.869821E-02    0.842830E-02    0.845632E-02    0.896431E-02    0.979692E-02    0.109651E-01    0.109841E-01    0.103763E-01    0.431730E-01    0.130401E+00
   620    0.840119E-05    0.180390E-03    0.417675E-03    0.634760E-03    0.929718E-03    0.118969E-02    0.152100E-02    0.177950E-02    0.207242E-02    0.230095E-02    0.520426E-02    0.962414E-02    0.114856E-01    0.125719E-01    0.126933E-01    0.119742E-01    0.112165E-01    0.106922E-01    0.103643E-01    0.102828E-01    0.105512E-01    0.110151E-01    0.120263E-01    0.122681E-01    0.114495E-01    0.468854E-01    0.135834E+00
   640    0.110794E-04    0.254372E-03    0.570257E-03    0.839195E-03    0.118493E-02    0.149322E-02    0.185722E-02    0.213381E-02    0.244724E-02    0.267376E-02    0.590258E-02    0.105616E-01    0.122967E-01    0.135406E-01    0.139247E-01    0.135273E-01    0.129622E-01    0.124061E-01    0.120147E-01    0.120906E-01    0.123007E-01    0.125427E-01    0.129568E-01    0.131248E-01    0.125685E-01    0.524870E-01    0.136473E+00
   660    0.137980E-04    0.311890E-03    0.685734E-03    0.984579E-03    0.134860E-02    0.167952E-02    0.204948E-02    0.233957E-02    0.264439E-02    0.287592E-02    0.625156E-02    0.109636E-01    0.125990E-01    0.140150E-01    0.146259E-01    0.146086E-01    0.141561E-01    0.136668E-01    0.135674E-01    0.137914E-01    0.142327E-01    0.140985E-01    0.141782E-01    0.140570E-01    0.136225E-01    0.614616E-01    0.135249E+00
   680    0.146503E-04    0.342841E-03    0.730702E-03    0.103966E-02    0.139658E-02    0.172305E-02    0.207572E-02    0.235550E-02    0.263170E-02    0.286225E-02    0.619747E-02    0.107832E-01    0.124839E-01    0.139826E-01    0.148328E-01    0.150107E-01    0.148401E-01    0.145045E-01    0.143780E-01    0.150075E-01    0.156789E-01    0.156030E-01    0.152254E-01    0.149428E-01    0.145674E-01    0.692846E-01    0.132381E+00
   700    0.152504E-04    0.336494E-03    0.694280E-03    0.985267E-03    0.130281E-02    0.159991E-02    0.189833E-02    0.215488E-02    0.238387E-02    0.261957E-02    0.568803E-02    0.101242E-01    0.118977E-01    0.136413E-01    0.146156E-01    0.149741E-01    0.149452E-01    0.148437E-01    0.152367E-01    0.159612E-01    0.167757E-01    0.170155E-01    0.163939E-01    0.158539E-01    0.155626E-01    0.769030E-01    0.127553E+00
   720    0.127661E-04    0.294534E-03    0.588071E-03    0.831048E-03    0.107407E-02    0.132212E-02    0.154750E-02    0.176705E-02    0.196295E-02    0.217764E-02    0.479471E-02    0.888591E-02    0.110261E-01    0.128531E-01    0.142021E-01    0.147762E-01    0.149875E-01    0.151022E-01    0.155928E-01    0.166611E-01    0.175472E-01    0.178265E-01    0.175881E-01    0.169969E-01    0.165538E-01    0.815944E-01    0.121757E+00
   740    0.106368E-04    0.225517E-03    0.420466E-03    0.600583E-03    0.752427E-03    0.939598E-03    0.108128E-02    0.126114E-02    0.138361E-02    0.160371E-02    0.358986E-02    0.746776E-02    0.987404E-02    0.123767E-01    0.138107E-01    0.145703E-01    0.148608E-01    0.154259E-01    0.161239E-01    0.171140E-01    0.183836E-01    0.188950E-01    0.186662E-01    0.183074E-01    0.177669E-01    0.891860E-01    0.116766E+00
   760    0.505347E-05    0.133963E-03    0.218425E-03    0.329119E-03    0.390065E-03    0.495623E-03    0.560064E-03    0.715343E-03    0.813511E-03    0.102570E-02    0.236184E-02    0.608517E-02    0.929212E-02    0.123927E-01    0.144296E-01    0.151712E-01    0.155238E-01    0.157590E-01    0.165748E-01    0.178300E-01    0.192263E-01    0.199529E-01    0.199854E-01    0.197880E-01    0.190691E-01    0.939544E-01    0.108403E+00
   780    0.194099E-05    0.394205E-04    0.127845E-04    0.435378E-04    0.137099E-04    0.569026E-04    0.597760E-04    0.161679E-03    0.235943E-03    0.459610E-03    0.131913E-02    0.490517E-02    0.938892E-02    0.134626E-01    0.157640E-01    0.165931E-01    0.169299E-01    0.168848E-01    0.173495E-01    0.185138E-01    0.204564E-01    0.216136E-01    0.218343E-01    0.215396E-01    0.208659E-01    0.983163E-01    0.102601E+00
   800   -0.329330E-05   -0.571263E-04   -0.184442E-03   -0.217607E-03   -0.310327E-03   -0.324398E-03   -0.359860E-03   -0.279172E-03   -0.185806E-03    0.609653E-04    0.606051E-03    0.459213E-02    0.102935E-01    0.157261E-01    0.190568E-01    0.192901E-01    0.189276E-01    0.180437E-01    0.184646E-01    0.198809E-01    0.218207E-01    0.233600E-01    0.244420E-01    0.238529E-01    0.223902E-01    0.105598E+00    0.942532E-01
   820   -0.584153E-05   -0.124165E-03   -0.320152E-03   -0.395341E-03   -0.528581E-03   -0.575772E-03   -0.615375E-03   -0.535556E-03   -0.405221E-03   -0.916221E-04    0.411106E-03    0.533051E-02    0.126968E-01    0.190581E-01    0.224964E-01    0.226434E-01    0.215283E-01    0.200465E-01    0.194788E-01    0.208252E-01    0.237764E-01    0.257171E-01    0.269130E-01    0.265262E-01    0.246020E-01    0.110643E+00    0.870984E-01
   840   -0.746078E-05   -0.152719E-03   -0.370260E-03   -0.456111E-03   -0.566888E-03   -0.610612E-03   -0.601468E-03   -0.480675E-03   -0.262126E-03    0.109518E-03    0.119681E-02    0.747364E-02    0.152943E-01    0.232173E-01    0.266153E-01    0.258991E-01    0.237349E-01    0.213802E-01    0.206373E-01    0.218931E-01    0.248753E-01    0.278778E-01    0.295771E-01    0.285550E-01    0.259810E-01    0.118864E+00    0.813543E-01
   860   -0.576715E-05   -0.137833E-03   -0.319772E-03   -0.370956E-03   -0.433214E-03   -0.433514E-03   -0.323702E-03   -0.143556E-03    0.180185E-03    0.676996E-03    0.257600E-02    0.100807E-01    0.191731E-01    0.267445E-01    0.297805E-01    0.283178E-01    0.258415E-01    0.229294E-01    0.212439E-01    0.227523E-01    0.265009E-01    0.296776E-01    0.312628E-01    0.305733E-01    0.275799E-01    0.122463E+00    0.862776E-01
   880   -0.395850E-05   -0.949292E-04   -0.194420E-03   -0.208310E-03   -0.154609E-03   -0.692336E-04    0.183545E-03    0.514359E-03    0.100154E-02    0.151155E-02    0.466604E-02    0.134641E-01    0.219129E-01    0.302152E-01    0.311176E-01    0.294000E-01    0.265289E-01    0.235408E-01    0.225109E-01    0.234901E-01    0.271719E-01    0.310924E-01    0.329351E-01    0.311856E-01    0.285917E-01    0.131412E+00    0.993213E-01
   900   -0.827560E-06   -0.288822E-04   -0.276280E-04    0.272061E-04    0.198408E-03    0.382724E-03    0.797486E-03    0.122243E-02    0.182741E-02    0.251031E-02    0.645755E-02    0.167613E-01    0.249754E-01    0.314162E-01    0.324454E-01    0.293628E-01    0.270340E-01    0.242909E-01    0.230363E-01    0.247890E-01    0.282889E-01    0.319724E-01    0.340176E-01    0.321263E-01    0.289698E-01    0.140466E+00    0.118652E+00
   920    0.305653E-05    0.322314E-04    0.136938E-03    0.254940E-03    0.566350E-03    0.863101E-03    0.139872E-02    0.195616E-02    0.266512E-02    0.328333E-02    0.815460E-02    0.185453E-01    0.254610E-01    0.308572E-01    0.307922E-01    0.276919E-01    0.250784E-01    0.241863E-01    0.241643E-01    0.253444E-01    0.288709E-01    0.323475E-01    0.338265E-01    0.317870E-01    0.294369E-01    0.144046E+00    0.140144E+00
   940    0.706060E-05    0.944594E-04    0.285765E-03    0.453854E-03    0.822590E-03    0.121894E-02    0.188109E-02    0.240816E-02    0.310535E-02    0.377089E-02    0.864267E-02    0.187525E-01    0.250798E-01    0.281783E-01    0.275315E-01    0.252019E-01    0.240929E-01    0.231836E-01    0.246873E-01    0.267528E-01    0.299925E-01    0.324522E-01    0.337025E-01    0.315195E-01    0.290165E-01    0.150077E+00    0.157354E+00
   960    0.693245E-05    0.114053E-03    0.318526E-03    0.509936E-03    0.945614E-03    0.136107E-02    0.200179E-02    0.257303E-02    0.321920E-02    0.368573E-02    0.869876E-02    0.169777E-01    0.220370E-01    0.242292E-01    0.229456E-01    0.206835E-01    0.202682E-01    0.213598E-01    0.240211E-01    0.272929E-01    0.304919E-01    0.321870E-01    0.318121E-01    0.298046E-01    0.276408E-01    0.143382E+00    0.180919E+00
   980    0.568372E-05    0.947363E-04    0.293241E-03    0.503366E-03    0.812884E-03    0.125049E-02    0.177236E-02    0.223931E-02    0.276451E-02    0.317874E-02    0.746665E-02    0.142687E-01    0.189848E-01    0.191719E-01    0.175451E-01    0.167581E-01    0.173059E-01    0.193894E-01    0.233846E-01    0.276030E-01    0.308325E-01    0.318355E-01    0.311748E-01    0.282830E-01    0.262674E-01    0.136113E+00    0.211407E+00
  1000    0.440991E-05    0.639515E-04    0.170417E-03    0.353652E-03    0.619805E-03    0.957405E-03    0.136112E-02    0.175843E-02    0.215964E-02    0.247758E-02    0.605307E-02    0.119443E-01    0.144693E-01    0.150655E-01    0.136207E-01    0.123875E-01    0.140207E-01    0.169050E-01    0.216273E-01    0.264227E-01    0.298837E-01    0.304764E-01    0.288935E-01    0.262457E-01    0.244544E-01    0.123863E+00    0.229646E+00
