     0               2              12              22              32              42              52              62              72              82              92             102             132             162             192             222             252             282             312             342             372             402             432             462             492             522             552             852
    20    0.120560E-04    0.273856E-03    0.529646E-03    0.772487E-03    0.100013E-02    0.120593E-02    0.139168E-02    0.155445E-02    0.169599E-02    0.181478E-02    0.382493E-02    0.633153E-02    0.664585E-02    0.693651E-02    0.730809E-02    0.779994E-02    0.828601E-02    0.855465E-02    0.846142E-02    0.789726E-02    0.692822E-02    0.579073E-02    0.464290E-02    0.382304E-02    0.322877E-02    0.165362E-01    0.118756E-01
    40    0.112283E-04    0.255775E-03    0.492776E-03    0.721722E-03    0.936281E-03    0.113440E-02    0.131338E-02    0.146873E-02    0.160660E-02    0.172684E-02    0.365392E-02    0.611308E-02    0.648733E-02    0.680295E-02    0.715497E-02    0.757989E-02    0.794082E-02    0.808041E-02    0.790130E-02    0.733833E-02    0.642074E-02    0.535258E-02    0.438108E-02    0.357602E-02    0.304948E-02    0.153439E-01    0.111381E-01
    60    0.106434E-04    0.242708E-03    0.466618E-03    0.688185E-03    0.896292E-03    0.108640E-02    0.126160E-02    0.141878E-02    0.156111E-02    0.168720E-02    0.359104E-02    0.612005E-02    0.658316E-02    0.694968E-02    0.728926E-02    0.761378E-02    0.786407E-02    0.788358E-02    0.759341E-02    0.701874E-02    0.614675E-02    0.516872E-02    0.427081E-02    0.351579E-02    0.304010E-02    0.150114E-01    0.107231E-01
    80    0.100213E-04    0.228733E-03    0.440286E-03    0.651667E-03    0.850392E-03    0.103671E-02    0.121137E-02    0.137130E-02    0.152097E-02    0.165319E-02    0.354545E-02    0.616865E-02    0.676126E-02    0.719272E-02    0.752122E-02    0.773690E-02    0.783035E-02    0.770733E-02    0.735332E-02    0.674449E-02    0.589891E-02    0.506598E-02    0.421231E-02    0.355876E-02    0.306548E-02    0.147853E-01    0.104079E-01
   100    0.932323E-05    0.213035E-03    0.409748E-03    0.610189E-03    0.799708E-03    0.979476E-03    0.115157E-02    0.131286E-02    0.146555E-02    0.160697E-02    0.347285E-02    0.621484E-02    0.694250E-02    0.745872E-02    0.776934E-02    0.787700E-02    0.781322E-02    0.754577E-02    0.706386E-02    0.642701E-02    0.570591E-02    0.492185E-02    0.419923E-02    0.359575E-02    0.310904E-02    0.145276E-01    0.100201E-01
   120    0.856397E-05    0.196337E-03    0.379442E-03    0.565240E-03    0.744134E-03    0.916318E-03    0.108518E-02    0.124593E-02    0.140271E-02    0.154998E-02    0.337818E-02    0.619067E-02    0.706129E-02    0.766765E-02    0.796127E-02    0.796948E-02    0.777484E-02    0.735033E-02    0.676047E-02    0.611212E-02    0.545282E-02    0.477413E-02    0.419897E-02    0.364428E-02    0.317142E-02    0.143486E-01    0.988364E-02
   140    0.789703E-05    0.180671E-03    0.351034E-03    0.523081E-03    0.692245E-03    0.857316E-03    0.102185E-02    0.118013E-02    0.133760E-02    0.149238E-02    0.327793E-02    0.613943E-02    0.713338E-02    0.779871E-02    0.810959E-02    0.807294E-02    0.773352E-02    0.719125E-02    0.652904E-02    0.593640E-02    0.524647E-02    0.471070E-02    0.420590E-02    0.373304E-02    0.327001E-02    0.145919E-01    0.978829E-02
   160    0.726954E-05    0.166304E-03    0.326125E-03    0.483942E-03    0.643062E-03    0.800177E-03    0.957545E-03    0.111433E-02    0.127084E-02    0.142445E-02    0.315706E-02    0.601280E-02    0.707589E-02    0.780443E-02    0.813881E-02    0.805798E-02    0.766910E-02    0.701505E-02    0.636666E-02    0.570118E-02    0.510605E-02    0.462623E-02    0.419992E-02    0.379349E-02    0.336321E-02    0.149052E-01    0.975109E-02
   180    0.675435E-05    0.154835E-03    0.305690E-03    0.451918E-03    0.601769E-03    0.751416E-03    0.902951E-03    0.105263E-02    0.120684E-02    0.135760E-02    0.301774E-02    0.582762E-02    0.692269E-02    0.770891E-02    0.805101E-02    0.797635E-02    0.755218E-02    0.690454E-02    0.619893E-02    0.552264E-02    0.499238E-02    0.458125E-02    0.423347E-02    0.385415E-02    0.344833E-02    0.155765E-01    0.101139E-01
   200    0.642127E-05    0.146876E-03    0.292236E-03    0.430042E-03    0.572419E-03    0.715670E-03    0.861365E-03    0.100448E-02    0.115200E-02    0.130037E-02    0.289122E-02    0.560796E-02    0.671616E-02    0.749638E-02    0.789186E-02    0.787527E-02    0.746212E-02    0.687564E-02    0.612893E-02    0.549506E-02    0.496860E-02    0.457884E-02    0.428310E-02    0.394754E-02    0.356326E-02    0.165850E-01    0.106976E-01
   220    0.621730E-05    0.142595E-03    0.284908E-03    0.415174E-03    0.553960E-03    0.689030E-03    0.828910E-03    0.966285E-03    0.110657E-02    0.124583E-02    0.276786E-02    0.535533E-02    0.641825E-02    0.720083E-02    0.765767E-02    0.768064E-02    0.740134E-02    0.683337E-02    0.614207E-02    0.550137E-02    0.498730E-02    0.460725E-02    0.432304E-02    0.402687E-02    0.367850E-02    0.175842E-01    0.114158E-01
   240    0.620733E-05    0.141599E-03    0.285551E-03    0.412275E-03    0.547228E-03    0.681022E-03    0.813686E-03    0.945618E-03    0.107648E-02    0.121010E-02    0.267654E-02    0.512013E-02    0.610879E-02    0.689572E-02    0.739461E-02    0.752075E-02    0.734085E-02    0.683246E-02    0.624200E-02    0.564014E-02    0.511060E-02    0.473833E-02    0.444738E-02    0.417495E-02    0.382185E-02    0.186796E-01    0.125534E-01
   260    0.630757E-05    0.143605E-03    0.287928E-03    0.416339E-03    0.548961E-03    0.681454E-03    0.808145E-03    0.934327E-03    0.105703E-02    0.117949E-02    0.259694E-02    0.489832E-02    0.581045E-02    0.656021E-02    0.707308E-02    0.738067E-02    0.727628E-02    0.694053E-02    0.638673E-02    0.581008E-02    0.529863E-02    0.488459E-02    0.458084E-02    0.429148E-02    0.394845E-02    0.199862E-01    0.137605E-01
   280    0.646064E-05    0.147799E-03    0.294030E-03    0.424483E-03    0.557017E-03    0.685429E-03    0.810753E-03    0.930827E-03    0.105001E-02    0.116077E-02    0.253727E-02    0.470073E-02    0.552627E-02    0.623169E-02    0.681367E-02    0.717358E-02    0.724346E-02    0.704288E-02    0.658418E-02    0.603690E-02    0.549832E-02    0.505057E-02    0.473346E-02    0.443094E-02    0.409415E-02    0.213581E-01    0.148533E-01
   300    0.667521E-05    0.151971E-03    0.302587E-03    0.433823E-03    0.568039E-03    0.693958E-03    0.819170E-03    0.932650E-03    0.104335E-02    0.114412E-02    0.248303E-02    0.452530E-02    0.524461E-02    0.590325E-02    0.650623E-02    0.694160E-02    0.721911E-02    0.712775E-02    0.680608E-02    0.627438E-02    0.572394E-02    0.524415E-02    0.490749E-02    0.458043E-02    0.423137E-02    0.224719E-01    0.164743E-01
   320    0.688327E-05    0.156422E-03    0.310217E-03    0.443445E-03    0.579829E-03    0.707410E-03    0.827938E-03    0.934084E-03    0.103725E-02    0.113857E-02    0.245062E-02    0.438278E-02    0.502164E-02    0.568607E-02    0.621990E-02    0.677471E-02    0.713348E-02    0.722833E-02    0.702194E-02    0.658051E-02    0.601112E-02    0.547816E-02    0.512030E-02    0.475889E-02    0.440705E-02    0.236455E-01    0.176626E-01
   340    0.714019E-05    0.161461E-03    0.316245E-03    0.456129E-03    0.596036E-03    0.721433E-03    0.838656E-03    0.945438E-03    0.105481E-02    0.114291E-02    0.244805E-02    0.430625E-02    0.487718E-02    0.546126E-02    0.604284E-02    0.663117E-02    0.711810E-02    0.735925E-02    0.729480E-02    0.699902E-02    0.644946E-02    0.586641E-02    0.544509E-02    0.504469E-02    0.465939E-02    0.250848E-01    0.187368E-01
   360    0.723334E-05    0.162741E-03    0.315450E-03    0.457263E-03    0.595426E-03    0.717117E-03    0.836076E-03    0.945112E-03    0.103905E-02    0.112407E-02    0.240195E-02    0.420603E-02    0.474595E-02    0.523901E-02    0.586920E-02    0.647061E-02    0.702079E-02    0.734268E-02    0.741561E-02    0.724041E-02    0.675993E-02    0.618432E-02    0.569952E-02    0.528558E-02    0.494094E-02    0.268621E-01    0.201367E-01
   380    0.717775E-05    0.161257E-03    0.307357E-03    0.452093E-03    0.587849E-03    0.709499E-03    0.820182E-03    0.925356E-03    0.101907E-02    0.110263E-02    0.234953E-02    0.416892E-02    0.460059E-02    0.516359E-02    0.571918E-02    0.634508E-02    0.691667E-02    0.726637E-02    0.745601E-02    0.744369E-02    0.707425E-02    0.651970E-02    0.607102E-02    0.564061E-02    0.532048E-02    0.294504E-01    0.201744E-01
   400    0.686656E-05    0.156220E-03    0.294669E-03    0.439493E-03    0.566599E-03    0.685286E-03    0.796271E-03    0.893627E-03    0.985436E-03    0.107398E-02    0.230319E-02    0.405579E-02    0.457147E-02    0.506916E-02    0.565418E-02    0.624529E-02    0.680390E-02    0.718909E-02    0.742153E-02    0.753342E-02    0.732788E-02    0.688507E-02    0.648422E-02    0.606820E-02    0.580444E-02    0.321821E-01    0.223697E-01
   420    0.656810E-05    0.148067E-03    0.277486E-03    0.416302E-03    0.536034E-03    0.646356E-03    0.754020E-03    0.852210E-03    0.942974E-03    0.103506E-02    0.220576E-02    0.396680E-02    0.452579E-02    0.507771E-02    0.560707E-02    0.621225E-02    0.674006E-02    0.710456E-02    0.737263E-02    0.755683E-02    0.744134E-02    0.719427E-02    0.689800E-02    0.659943E-02    0.642642E-02    0.359400E-01    0.222545E-01
   440    0.610801E-05    0.138251E-03    0.254882E-03    0.384015E-03    0.500050E-03    0.611049E-03    0.711996E-03    0.809496E-03    0.897482E-03    0.984750E-03    0.211844E-02    0.392170E-02    0.448444E-02    0.509951E-02    0.567286E-02    0.623710E-02    0.678226E-02    0.711108E-02    0.734434E-02    0.758699E-02    0.756991E-02    0.746943E-02    0.736763E-02    0.722574E-02    0.713846E-02    0.402442E-01    0.253761E-01
   460    0.556766E-05    0.124737E-03    0.228113E-03    0.351942E-03    0.462773E-03    0.565676E-03    0.656475E-03    0.749848E-03    0.834933E-03    0.924031E-03    0.201545E-02    0.379464E-02    0.443305E-02    0.508761E-02    0.570697E-02    0.627434E-02    0.677371E-02    0.707966E-02    0.728630E-02    0.752515E-02    0.764008E-02    0.770575E-02    0.781852E-02    0.783089E-02    0.790913E-02    0.441495E-01    0.270289E-01
   480    0.504308E-05    0.114742E-03    0.216264E-03    0.330800E-03    0.422037E-03    0.517930E-03    0.604050E-03    0.691221E-03    0.784139E-03    0.869334E-03    0.191086E-02    0.368177E-02    0.437664E-02    0.508731E-02    0.574166E-02    0.635542E-02    0.679225E-02    0.708384E-02    0.729923E-02    0.748522E-02    0.770586E-02    0.797163E-02    0.828687E-02    0.853502E-02    0.869148E-02    0.481275E-01    0.311272E-01
   500    0.494574E-05    0.112040E-03    0.205067E-03    0.311984E-03    0.402494E-03    0.496444E-03    0.586795E-03    0.673990E-03    0.767237E-03    0.849297E-03    0.188062E-02    0.365026E-02    0.437701E-02    0.513468E-02    0.583495E-02    0.649436E-02    0.698694E-02    0.725921E-02    0.746667E-02    0.772043E-02    0.797387E-02    0.842880E-02    0.892495E-02    0.935653E-02    0.961290E-02    0.530916E-01    0.347705E-01
   520    0.463111E-05    0.105302E-03    0.194615E-03    0.291578E-03    0.387707E-03    0.474621E-03    0.562124E-03    0.643505E-03    0.731664E-03    0.810478E-03    0.179247E-02    0.354042E-02    0.426165E-02    0.505803E-02    0.583404E-02    0.649737E-02    0.700080E-02    0.732893E-02    0.753523E-02    0.780775E-02    0.821249E-02    0.883637E-02    0.950860E-02    0.100953E-01    0.104704E-01    0.565355E-01    0.397432E-01
   540    0.453753E-05    0.102345E-03    0.203023E-03    0.291993E-03    0.385688E-03    0.468862E-03    0.551869E-03    0.629091E-03    0.716922E-03    0.798039E-03    0.173684E-02    0.340992E-02    0.419462E-02    0.499028E-02    0.576172E-02    0.648079E-02    0.699391E-02    0.734016E-02    0.765724E-02    0.800342E-02    0.857621E-02    0.935041E-02    0.101701E-01    0.109008E-01    0.113594E-01    0.603237E-01    0.425189E-01
   560    0.486398E-05    0.109979E-03    0.215109E-03    0.308438E-03    0.400677E-03    0.484102E-03    0.576160E-03    0.652443E-03    0.730888E-03    0.807041E-03    0.176962E-02    0.335004E-02    0.413091E-02    0.494285E-02    0.581176E-02    0.655145E-02    0.714117E-02    0.749241E-02    0.785504E-02    0.839775E-02    0.918979E-02    0.101145E-01    0.110280E-01    0.118273E-01    0.123948E-01    0.654780E-01    0.464000E-01
   580    0.524554E-05    0.117462E-03    0.233231E-03    0.328155E-03    0.427138E-03    0.516334E-03    0.604782E-03    0.680241E-03    0.756951E-03    0.830403E-03    0.180980E-02    0.332421E-02    0.404989E-02    0.488371E-02    0.580924E-02    0.658492E-02    0.725768E-02    0.769281E-02    0.813285E-02    0.886149E-02    0.985740E-02    0.109342E-01    0.119427E-01    0.127497E-01    0.132844E-01    0.693572E-01    0.490581E-01
   600    0.558351E-05    0.125134E-03    0.257475E-03    0.346050E-03    0.450351E-03    0.544812E-03    0.630025E-03    0.703555E-03    0.779795E-03    0.847325E-03    0.180095E-02    0.325939E-02    0.398609E-02    0.478215E-02    0.575255E-02    0.659301E-02    0.733391E-02    0.788143E-02    0.855500E-02    0.942652E-02    0.106579E-01    0.118303E-01    0.128094E-01    0.137101E-01    0.142652E-01    0.752798E-01    0.527143E-01
   620    0.610527E-05    0.134633E-03    0.273764E-03    0.370893E-03    0.483213E-03    0.577146E-03    0.669146E-03    0.741101E-03    0.807427E-03    0.874444E-03    0.182403E-02    0.328540E-02    0.400043E-02    0.484103E-02    0.579475E-02    0.664615E-02    0.750476E-02    0.824458E-02    0.918323E-02    0.103189E-01    0.115628E-01    0.127548E-01    0.137956E-01    0.145587E-01    0.150317E-01    0.799466E-01    0.562300E-01
   640    0.644448E-05    0.142419E-03    0.291004E-03    0.396525E-03    0.516848E-03    0.598679E-03    0.698109E-03    0.768135E-03    0.837948E-03    0.906731E-03    0.191680E-02    0.336698E-02    0.403458E-02    0.489979E-02    0.593529E-02    0.685910E-02    0.795705E-02    0.887281E-02    0.998286E-02    0.113705E-01    0.125533E-01    0.135769E-01    0.145161E-01    0.153578E-01    0.158332E-01    0.858209E-01    0.580228E-01
   660    0.699737E-05    0.153358E-03    0.303256E-03    0.419058E-03    0.535416E-03    0.631211E-03    0.736191E-03    0.805335E-03    0.887815E-03    0.951708E-03    0.201356E-02    0.349798E-02    0.424532E-02    0.513086E-02    0.621355E-02    0.735015E-02    0.863826E-02    0.981721E-02    0.110845E-01    0.125180E-01    0.134607E-01    0.145456E-01    0.153688E-01    0.159349E-01    0.163558E-01    0.929525E-01    0.620231E-01
   680    0.708916E-05    0.153992E-03    0.301556E-03    0.423905E-03    0.540641E-03    0.649665E-03    0.748233E-03    0.820563E-03    0.917229E-03    0.984548E-03    0.207642E-02    0.372116E-02    0.467685E-02    0.557425E-02    0.669530E-02    0.806248E-02    0.963299E-02    0.110419E-01    0.123824E-01    0.136385E-01    0.144913E-01    0.152018E-01    0.158891E-01    0.164794E-01    0.169268E-01    0.953062E-01    0.722391E-01
   700    0.693003E-05    0.153548E-03    0.306537E-03    0.416299E-03    0.543313E-03    0.640763E-03    0.753583E-03    0.830615E-03    0.933750E-03    0.101601E-02    0.221266E-02    0.407060E-02    0.511406E-02    0.618512E-02    0.760164E-02    0.908612E-02    0.109776E-01    0.126600E-01    0.139637E-01    0.146275E-01    0.153097E-01    0.159669E-01    0.164008E-01    0.169235E-01    0.175332E-01    0.104245E+00    0.818136E-01
   720    0.691157E-05    0.154043E-03    0.298084E-03    0.427532E-03    0.549510E-03    0.664458E-03    0.782499E-03    0.883657E-03    0.999442E-03    0.111442E-02    0.242332E-02    0.457125E-02    0.574100E-02    0.713760E-02    0.870108E-02    0.105180E-01    0.127001E-01    0.143684E-01    0.153835E-01    0.161576E-01    0.162332E-01    0.164592E-01    0.170725E-01    0.177463E-01    0.181330E-01    0.102684E+00    0.100305E+00
   740    0.682819E-05    0.147452E-03    0.288572E-03    0.417095E-03    0.545600E-03    0.658957E-03    0.800361E-03    0.908940E-03    0.104200E-02    0.116016E-02    0.257641E-02    0.498054E-02    0.645433E-02    0.806333E-02    0.100069E-01    0.121663E-01    0.143075E-01    0.161388E-01    0.169922E-01    0.171300E-01    0.170818E-01    0.171703E-01    0.173824E-01    0.181388E-01    0.190618E-01    0.115385E+00    0.110539E+00
   760    0.715500E-05    0.153768E-03    0.299654E-03    0.439488E-03    0.583201E-03    0.711913E-03    0.865146E-03    0.995043E-03    0.115054E-02    0.130195E-02    0.289666E-02    0.557304E-02    0.726188E-02    0.916752E-02    0.112988E-01    0.137969E-01    0.162337E-01    0.176186E-01    0.184775E-01    0.185048E-01    0.180885E-01    0.178112E-01    0.182704E-01    0.194224E-01    0.204214E-01    0.119829E+00    0.136694E+00
   780    0.782473E-05    0.168314E-03    0.331182E-03    0.495856E-03    0.645460E-03    0.808738E-03    0.968732E-03    0.112185E-02    0.130074E-02    0.145331E-02    0.324863E-02    0.639503E-02    0.820305E-02    0.104189E-01    0.125909E-01    0.152217E-01    0.176406E-01    0.192610E-01    0.198398E-01    0.193473E-01    0.191147E-01    0.189499E-01    0.191077E-01    0.200488E-01    0.218605E-01    0.130857E+00    0.147761E+00
   800    0.911063E-05    0.197656E-03    0.397084E-03    0.573978E-03    0.761485E-03    0.945440E-03    0.114143E-02    0.130039E-02    0.149189E-02    0.166860E-02    0.368742E-02    0.726957E-02    0.918889E-02    0.113090E-01    0.136391E-01    0.165278E-01    0.189014E-01    0.204087E-01    0.213043E-01    0.208498E-01    0.196654E-01    0.196904E-01    0.208335E-01    0.222013E-01    0.229605E-01    0.144052E+00    0.163661E+00
   820    0.110257E-04    0.240243E-03    0.489215E-03    0.698196E-03    0.918899E-03    0.112549E-02    0.134532E-02    0.152645E-02    0.173380E-02    0.192477E-02    0.420241E-02    0.814098E-02    0.999804E-02    0.121982E-01    0.145837E-01    0.171994E-01    0.201893E-01    0.216421E-01    0.222464E-01    0.218425E-01    0.214377E-01    0.215339E-01    0.222102E-01    0.236747E-01    0.257885E-01    0.159337E+00    0.178936E+00
   840    0.134700E-04    0.298214E-03    0.606634E-03    0.849050E-03    0.111538E-02    0.135819E-02    0.159658E-02    0.181466E-02    0.203208E-02    0.223266E-02    0.483824E-02    0.926169E-02    0.109893E-01    0.129835E-01    0.155072E-01    0.183676E-01    0.209331E-01    0.226647E-01    0.236864E-01    0.231024E-01    0.222908E-01    0.226012E-01    0.245369E-01    0.258146E-01    0.270511E-01    0.172952E+00    0.183394E+00
   860    0.164877E-04    0.363118E-03    0.737063E-03    0.101853E-02    0.132761E-02    0.162496E-02    0.189561E-02    0.213263E-02    0.237113E-02    0.256785E-02    0.546997E-02    0.100893E-01    0.115978E-01    0.137324E-01    0.161738E-01    0.190400E-01    0.222134E-01    0.239079E-01    0.242835E-01    0.243869E-01    0.245221E-01    0.253802E-01    0.257400E-01    0.281230E-01    0.299798E-01    0.184200E+00    0.183829E+00
   880    0.197508E-04    0.432125E-03    0.895002E-03    0.120962E-02    0.156546E-02    0.189791E-02    0.220543E-02    0.246220E-02    0.270549E-02    0.289818E-02    0.616166E-02    0.110485E-01    0.125020E-01    0.143599E-01    0.172535E-01    0.198599E-01    0.229380E-01    0.252022E-01    0.259864E-01    0.260320E-01    0.258686E-01    0.270856E-01    0.295839E-01    0.305334E-01    0.322936E-01    0.204766E+00    0.186178E+00
   900    0.225252E-04    0.496935E-03    0.103468E-02    0.139183E-02    0.180389E-02    0.216474E-02    0.251308E-02    0.275957E-02    0.300252E-02    0.321880E-02    0.680046E-02    0.117981E-01    0.132030E-01    0.153207E-01    0.180846E-01    0.216014E-01    0.244334E-01    0.263219E-01    0.272147E-01    0.273344E-01    0.284930E-01    0.297790E-01    0.315689E-01    0.329869E-01    0.336690E-01    0.211999E+00    0.153397E+00
   920    0.252852E-04    0.561834E-03    0.117678E-02    0.156350E-02    0.202132E-02    0.241963E-02    0.275886E-02    0.306685E-02    0.330523E-02    0.350492E-02    0.740388E-02    0.126031E-01    0.141824E-01    0.163406E-01    0.197093E-01    0.227028E-01    0.255325E-01    0.282060E-01    0.289946E-01    0.293717E-01    0.298005E-01    0.321666E-01    0.342329E-01    0.348999E-01    0.355241E-01    0.229407E+00    0.124670E+00
   940    0.274654E-04    0.603669E-03    0.126637E-02    0.169432E-02    0.214358E-02    0.257741E-02    0.293833E-02    0.322780E-02    0.347812E-02    0.374365E-02    0.779423E-02    0.133233E-01    0.153249E-01    0.178017E-01    0.214758E-01    0.254171E-01    0.277563E-01    0.300330E-01    0.305760E-01    0.309115E-01    0.329763E-01    0.346691E-01    0.362648E-01    0.375639E-01    0.374534E-01    0.235840E+00    0.107730E+00
   960    0.277354E-04    0.616276E-03    0.125123E-02    0.170277E-02    0.217832E-02    0.258608E-02    0.291606E-02    0.326492E-02    0.352669E-02    0.377402E-02    0.806986E-02    0.138926E-01    0.162109E-01    0.199835E-01    0.233001E-01    0.265419E-01    0.300221E-01    0.317336E-01    0.331632E-01    0.330506E-01    0.349477E-01    0.374573E-01    0.378861E-01    0.405318E-01    0.396646E-01    0.248322E+00    0.505618E-01
   980    0.264059E-04    0.580838E-03    0.116342E-02    0.160169E-02    0.201403E-02    0.243746E-02    0.279217E-02    0.306670E-02    0.338864E-02    0.368126E-02    0.794526E-02    0.143737E-01    0.173224E-01    0.212484E-01    0.253016E-01    0.282181E-01    0.314357E-01    0.339705E-01    0.340823E-01    0.356930E-01    0.373854E-01    0.401103E-01    0.408770E-01    0.436809E-01    0.440962E-01    0.280285E+00    0.372355E-01
  1000    0.229794E-04    0.507900E-03    0.956911E-03    0.139414E-02    0.176640E-02    0.212059E-02    0.242726E-02    0.275906E-02    0.309517E-02    0.338678E-02    0.758644E-02    0.138327E-01    0.182050E-01    0.222039E-01    0.253995E-01    0.285286E-01    0.318793E-01    0.343056E-01    0.366849E-01    0.380725E-01    0.402092E-01    0.427106E-01    0.451230E-01    0.480576E-01    0.495565E-01    0.295095E+00    0.295946E-01
