     0               2              12              22              32              42              52              62              72              82              92             102             132             162             192             222             252             282             312             342             372             402             432             462             492             522             552             852
    20   -0.229900E-07   -0.370400E-06   -0.260745E-05    0.226017E-05    0.664328E-05    0.123182E-04    0.196121E-04    0.276500E-04    0.346456E-04    0.404595E-04    0.848999E-04    0.454066E-04   -0.228590E-03   -0.681442E-03   -0.124827E-02   -0.172649E-02   -0.191864E-02   -0.171827E-02   -0.113089E-02   -0.351373E-03    0.342233E-03    0.734061E-03    0.663221E-03    0.107772E-03   -0.797663E-03   -0.951674E-02   -0.586448E-02
    40   -0.907115E-07   -0.185485E-05   -0.687673E-05   -0.735800E-06    0.341339E-05    0.978354E-05    0.183507E-04    0.285497E-04    0.379941E-04    0.471048E-04    0.104860E-03    0.108265E-03   -0.122396E-03   -0.541308E-03   -0.107461E-02   -0.153992E-02   -0.175782E-02   -0.159252E-02   -0.104101E-02   -0.283098E-03    0.398366E-03    0.788380E-03    0.729740E-03    0.185468E-03   -0.719096E-03   -0.909564E-02   -0.675690E-02
    60   -0.263868E-06   -0.458992E-05   -0.108316E-04   -0.565751E-05   -0.327052E-05    0.531460E-05    0.170686E-04    0.310177E-04    0.453041E-04    0.591676E-04    0.145862E-03    0.218143E-03    0.416809E-04   -0.324169E-03   -0.852487E-03   -0.135821E-02   -0.164983E-02   -0.154652E-02   -0.102069E-02   -0.252023E-03    0.449788E-03    0.870252E-03    0.843878E-03    0.305926E-03   -0.640270E-03   -0.872021E-02   -0.780859E-02
    80   -0.458212E-06   -0.836538E-05   -0.163005E-04   -0.148525E-04   -0.119057E-04   -0.631103E-06    0.140776E-04    0.328790E-04    0.546826E-04    0.772105E-04    0.196822E-03    0.378382E-03    0.280683E-03   -0.279358E-04   -0.573980E-03   -0.114562E-02   -0.154765E-02   -0.153659E-02   -0.102826E-02   -0.243731E-03    0.495861E-03    0.980798E-03    0.999236E-03    0.451141E-03   -0.553900E-03   -0.845598E-02   -0.860182E-02
   100   -0.674866E-06   -0.138027E-04   -0.247351E-04   -0.279834E-04   -0.238323E-04   -0.132684E-04    0.651780E-05    0.330065E-04    0.620327E-04    0.950282E-04    0.262168E-03    0.619020E-03    0.612032E-03    0.354887E-03   -0.207612E-03   -0.878803E-03   -0.140364E-02   -0.149791E-02   -0.105207E-02   -0.244201E-03    0.560551E-03    0.112266E-02    0.119177E-02    0.631281E-03   -0.451984E-03   -0.825557E-02   -0.983020E-02
   120   -0.103711E-05   -0.215871E-04   -0.356252E-04   -0.460965E-04   -0.450302E-04   -0.321749E-04   -0.873990E-05    0.253637E-04    0.653508E-04    0.111971E-03    0.322212E-03    0.879253E-03    0.104555E-02    0.859363E-03    0.272690E-03   -0.517908E-03   -0.117937E-02   -0.139060E-02   -0.102192E-02   -0.250158E-03    0.646263E-03    0.131815E-02    0.143362E-02    0.860111E-03   -0.302926E-03   -0.781629E-02   -0.118134E-01
   140   -0.150752E-05   -0.312650E-04   -0.520536E-04   -0.700658E-04   -0.733309E-04   -0.611239E-04   -0.327262E-04    0.648250E-05    0.601826E-04    0.124915E-03    0.382476E-03    0.117150E-02    0.154256E-02    0.146920E-02    0.893494E-03    0.217219E-04   -0.809053E-03   -0.120544E-02   -0.975011E-03   -0.230247E-03    0.760164E-03    0.155507E-02    0.176582E-02    0.118849E-02   -0.756093E-04   -0.732093E-02   -0.140416E-01
   160   -0.206439E-05   -0.428589E-04   -0.737214E-04   -0.100172E-03   -0.110004E-03   -0.997506E-04   -0.702281E-04   -0.238551E-04    0.372550E-04    0.119494E-03    0.415604E-03    0.145959E-02    0.207767E-02    0.218676E-02    0.165960E-02    0.692816E-03   -0.312153E-03   -0.919132E-03   -0.889885E-03   -0.214422E-03    0.866419E-03    0.183941E-02    0.218498E-02    0.163149E-02    0.266904E-03   -0.661344E-02   -0.185100E-01
   180   -0.268505E-05   -0.562578E-04   -0.101405E-03   -0.134846E-03   -0.153595E-03   -0.147707E-03   -0.119677E-03   -0.699498E-04    0.359150E-05    0.100647E-03    0.426145E-03    0.178382E-02    0.266747E-02    0.299406E-02    0.254286E-02    0.150916E-02    0.297302E-03   -0.594244E-03   -0.764949E-03   -0.140438E-03    0.101608E-02    0.217757E-02    0.269813E-02    0.219742E-02    0.735054E-03   -0.590113E-02   -0.214439E-01
   200   -0.334394E-05   -0.719354E-04   -0.136897E-03   -0.177008E-03   -0.206930E-03   -0.205628E-03   -0.180666E-03   -0.124935E-03   -0.458959E-04    0.681368E-04    0.421940E-03    0.213261E-02    0.333032E-02    0.391240E-02    0.357720E-02    0.245929E-02    0.100123E-02   -0.153323E-03   -0.582910E-03   -0.264538E-04    0.123880E-02    0.262431E-02    0.335841E-02    0.292279E-02    0.135006E-02   -0.464793E-02   -0.258184E-01
   220   -0.425938E-05   -0.909836E-04   -0.181019E-03   -0.227071E-03   -0.270734E-03   -0.279593E-03   -0.258039E-03   -0.205499E-03   -0.108513E-03    0.254094E-04    0.406894E-03    0.252739E-02    0.410887E-02    0.501015E-02    0.478069E-02    0.357246E-02    0.185292E-02    0.384623E-03   -0.263492E-03    0.194077E-03    0.161564E-02    0.324737E-02    0.421030E-02    0.385565E-02    0.215300E-02   -0.273236E-02   -0.285085E-01
   240   -0.550959E-05   -0.115253E-03   -0.235096E-03   -0.294067E-03   -0.358995E-03   -0.386486E-03   -0.358125E-03   -0.308794E-03   -0.190166E-03   -0.428809E-04    0.386695E-03    0.301647E-02    0.512951E-02    0.636780E-02    0.623395E-02    0.495698E-02    0.293135E-02    0.111426E-02    0.204976E-03    0.612939E-03    0.219141E-02    0.411443E-02    0.530716E-02    0.511293E-02    0.325374E-02    0.549081E-03   -0.301970E-01
   260   -0.703808E-05   -0.148375E-03   -0.304860E-03   -0.396090E-03   -0.480731E-03   -0.531360E-03   -0.507002E-03   -0.462873E-03   -0.318268E-03   -0.125958E-03    0.313291E-03    0.358246E-02    0.634977E-02    0.802642E-02    0.801152E-02    0.659867E-02    0.429908E-02    0.219685E-02    0.919034E-03    0.127412E-02    0.303607E-02    0.534586E-02    0.687702E-02    0.680750E-02    0.477579E-02    0.545103E-02   -0.311298E-01
   280   -0.910135E-05   -0.196930E-03   -0.398916E-03   -0.530884E-03   -0.665917E-03   -0.747314E-03   -0.730587E-03   -0.678041E-03   -0.512428E-03   -0.271822E-03    0.167126E-03    0.423354E-02    0.781752E-02    0.993272E-02    0.998431E-02    0.831389E-02    0.577479E-02    0.328732E-02    0.178700E-02    0.213439E-02    0.409658E-02    0.692589E-02    0.884904E-02    0.899267E-02    0.682039E-02    0.110210E-01   -0.270574E-01
   300   -0.118607E-04   -0.261942E-03   -0.509855E-03   -0.721236E-03   -0.946067E-03   -0.104938E-02   -0.106611E-02   -0.100500E-02   -0.835295E-03   -0.542078E-03   -0.221477E-03    0.442038E-02    0.889578E-02    0.113695E-01    0.112143E-01    0.942191E-02    0.671036E-02    0.392343E-02    0.243991E-02    0.283557E-02    0.534100E-02    0.879755E-02    0.112707E-01    0.116345E-01    0.899197E-02    0.168919E-01   -0.131438E-01
   320   -0.150451E-04   -0.333138E-03   -0.646126E-03   -0.931194E-03   -0.123026E-02   -0.133940E-02   -0.142542E-02   -0.136352E-02   -0.118350E-02   -0.833779E-03   -0.814918E-03    0.390214E-02    0.882608E-02    0.109616E-01    0.104952E-01    0.857064E-02    0.548596E-02    0.292149E-02    0.193468E-02    0.294591E-02    0.635210E-02    0.104862E-01    0.133494E-01    0.133720E-01    0.103172E-01    0.138112E-01    0.644953E-02
   340   -0.173117E-04   -0.380758E-03   -0.746923E-03   -0.107643E-02   -0.139746E-02   -0.152312E-02   -0.160958E-02   -0.152362E-02   -0.126040E-02   -0.957403E-03   -0.102209E-02    0.287551E-02    0.670853E-02    0.814155E-02    0.699541E-02    0.441569E-02    0.168450E-02   -0.249000E-04   -0.639520E-04    0.234415E-02    0.714701E-02    0.116948E-01    0.139961E-01    0.128138E-01    0.909275E-02   -0.114787E-02    0.283659E-01
   360   -0.171742E-04   -0.378977E-03   -0.738406E-03   -0.105904E-02   -0.135515E-02   -0.147536E-02   -0.152905E-02   -0.137683E-02   -0.112668E-02   -0.792593E-03   -0.861853E-03    0.190457E-02    0.437607E-02    0.486045E-02    0.280282E-02   -0.183733E-03   -0.262909E-02   -0.379070E-02   -0.226068E-02    0.186911E-02    0.719994E-02    0.115321E-01    0.127250E-01    0.105075E-01    0.613156E-02   -0.213707E-01    0.510515E-01
   380   -0.157139E-04   -0.350634E-03   -0.655069E-03   -0.966921E-03   -0.121440E-02   -0.129214E-02   -0.128713E-02   -0.114103E-02   -0.917839E-03   -0.606501E-03   -0.499120E-03    0.168441E-02    0.337605E-02    0.293790E-02    0.259635E-03   -0.318769E-02   -0.556145E-02   -0.610738E-02   -0.362816E-02    0.135494E-02    0.712745E-02    0.108092E-01    0.112046E-01    0.818381E-02    0.312792E-02   -0.345991E-01    0.516542E-01
   400   -0.146222E-04   -0.326810E-03   -0.577018E-03   -0.884878E-03   -0.107747E-02   -0.114358E-02   -0.113813E-02   -0.100727E-02   -0.781523E-03   -0.508293E-03   -0.342103E-03    0.197668E-02    0.363237E-02    0.283669E-02   -0.832923E-04   -0.386687E-02   -0.627879E-02   -0.653405E-02   -0.389191E-02    0.102149E-02    0.651104E-02    0.988157E-02    0.968133E-02    0.628078E-02    0.101724E-02   -0.405205E-01    0.469134E-01
   420   -0.147184E-04   -0.323178E-03   -0.533595E-03   -0.846231E-03   -0.102343E-02   -0.111317E-02   -0.109807E-02   -0.975006E-03   -0.730897E-03   -0.448975E-03   -0.231005E-03    0.256402E-02    0.469565E-02    0.443866E-02    0.150277E-02   -0.230916E-02   -0.501743E-02   -0.565323E-02   -0.355239E-02    0.813318E-03    0.577404E-02    0.906649E-02    0.873303E-02    0.527703E-02    0.181919E-03   -0.394499E-01    0.470410E-01
   440   -0.155713E-04   -0.345902E-03   -0.554669E-03   -0.893860E-03   -0.107757E-02   -0.117222E-02   -0.114300E-02   -0.101057E-02   -0.735559E-03   -0.428706E-03   -0.904989E-04    0.338851E-02    0.661542E-02    0.705976E-02    0.449298E-02    0.950359E-03   -0.200070E-02   -0.353906E-02   -0.281242E-02    0.524122E-03    0.479707E-02    0.802386E-02    0.787731E-02    0.475270E-02    0.177375E-03   -0.351624E-01    0.525678E-01
   460   -0.175310E-04   -0.389762E-03   -0.645795E-03   -0.101033E-02   -0.120280E-02   -0.129564E-02   -0.124264E-02   -0.108680E-02   -0.788095E-03   -0.423531E-03    0.111989E-04    0.459031E-02    0.921370E-02    0.105783E-01    0.890541E-02    0.594816E-02    0.217872E-02   -0.650126E-03   -0.156341E-02    0.179753E-03    0.355961E-02    0.658110E-02    0.702258E-02    0.448369E-02    0.980044E-03   -0.275861E-01    0.539728E-01
   480   -0.205833E-04   -0.449044E-03   -0.788794E-03   -0.114602E-02   -0.135525E-02   -0.144174E-02   -0.139142E-02   -0.120514E-02   -0.878792E-03   -0.410779E-03    0.233937E-03    0.622966E-02    0.123682E-01    0.150326E-01    0.145238E-01    0.118374E-01    0.751695E-02    0.318219E-02    0.158059E-03    0.768513E-04    0.230204E-02    0.497895E-02    0.598341E-02    0.495792E-02    0.253163E-02   -0.156243E-01    0.518052E-01
   500   -0.247686E-04   -0.518215E-03   -0.987606E-03   -0.130966E-02   -0.155035E-02   -0.164915E-02   -0.158891E-02   -0.136857E-02   -0.951482E-03   -0.364807E-03    0.634639E-03    0.837861E-02    0.162976E-01    0.205502E-01    0.210382E-01    0.187562E-01    0.135024E-01    0.718232E-02    0.201822E-02    0.117441E-04    0.101052E-02    0.347473E-02    0.512451E-02    0.552251E-02    0.441505E-02   -0.520376E-04    0.413149E-01
   520   -0.292823E-04   -0.601906E-03   -0.122916E-02   -0.151689E-02   -0.178587E-02   -0.189028E-02   -0.179800E-02   -0.146974E-02   -0.955928E-03   -0.232758E-03    0.123102E-02    0.112221E-01    0.208197E-01    0.267882E-01    0.280303E-01    0.258013E-01    0.193358E-01    0.114545E-01    0.410980E-02    0.342297E-03    0.769349E-04    0.221960E-02    0.487758E-02    0.668139E-02    0.641491E-02    0.199787E-01    0.259526E-01
   540   -0.343023E-04   -0.697524E-03   -0.152473E-02   -0.176497E-02   -0.209067E-02   -0.217415E-02   -0.203231E-02   -0.161485E-02   -0.947831E-03   -0.640884E-04    0.204840E-02    0.146484E-01    0.257929E-01    0.328557E-01    0.352377E-01    0.322955E-01    0.246045E-01    0.151674E-01    0.609685E-02    0.702127E-03   -0.506258E-03    0.162265E-02    0.486588E-02    0.782977E-02    0.812527E-02    0.411028E-01    0.227190E-02
   560   -0.396407E-04   -0.783281E-03   -0.177408E-02   -0.197709E-02   -0.233872E-02   -0.242053E-02   -0.222085E-02   -0.175665E-02   -0.992904E-03    0.287797E-04    0.258510E-02    0.173637E-01    0.298384E-01    0.375987E-01    0.400803E-01    0.357961E-01    0.271249E-01    0.167637E-01    0.693434E-02    0.759883E-03   -0.629555E-03    0.185626E-02    0.526784E-02    0.813216E-02    0.823636E-02    0.601018E-01   -0.197735E-01
   580   -0.407984E-04   -0.775847E-03   -0.183511E-02   -0.200754E-02   -0.239652E-02   -0.247103E-02   -0.231192E-02   -0.190672E-02   -0.118646E-02   -0.199078E-03    0.221428E-02    0.171574E-01    0.299529E-01    0.374115E-01    0.381441E-01    0.321969E-01    0.234188E-01    0.139597E-01    0.560324E-02    0.504033E-03   -0.544346E-04    0.234340E-02    0.489464E-02    0.713937E-02    0.608163E-02    0.718184E-01   -0.404345E-01
   600   -0.335116E-04   -0.641659E-03   -0.155752E-02   -0.169067E-02   -0.202979E-02   -0.210485E-02   -0.204700E-02   -0.176996E-02   -0.123122E-02   -0.418528E-03    0.140576E-02    0.136112E-01    0.236026E-01    0.274580E-01    0.246873E-01    0.174972E-01    0.105521E-01    0.554980E-02    0.175829E-02    0.163401E-03    0.142897E-02    0.328583E-02    0.388595E-02    0.406320E-02    0.167728E-02    0.652804E-01   -0.580386E-01
   620   -0.234839E-04   -0.381884E-03   -0.978213E-03   -0.102352E-02   -0.125779E-02   -0.129400E-02   -0.124945E-02   -0.105417E-02   -0.657693E-03   -0.106578E-03    0.140028E-02    0.822078E-02    0.108803E-01    0.790278E-02    0.152629E-04   -0.709721E-02   -0.912832E-02   -0.692885E-02   -0.283863E-02    0.880069E-03    0.473696E-02    0.583482E-02    0.362972E-02    0.323285E-03   -0.370679E-02    0.463262E-01   -0.679778E-01
   640   -0.775477E-05   -0.467466E-04   -0.209104E-03   -0.117075E-03   -0.106383E-03    0.276826E-04    0.179840E-03    0.408701E-03    0.687519E-03    0.981640E-03    0.278004E-02    0.308367E-02   -0.404146E-02   -0.156752E-01   -0.281067E-01   -0.334027E-01   -0.283227E-01   -0.172438E-01   -0.506446E-02    0.373355E-02    0.930630E-02    0.940857E-02    0.369179E-02   -0.247824E-02   -0.805117E-02    0.138753E-01   -0.727571E-01
   660    0.643627E-05    0.303206E-03    0.665137E-03    0.924850E-03    0.129945E-02    0.167870E-02    0.202057E-02    0.235062E-02    0.254333E-02    0.259376E-02    0.512496E-02   -0.341308E-03   -0.168918E-01   -0.364905E-01   -0.517714E-01   -0.535588E-01   -0.411286E-01   -0.211240E-01   -0.272627E-02    0.750235E-02    0.139230E-01    0.123564E-01    0.442486E-02   -0.392447E-02   -0.106797E-01   -0.223251E-01   -0.755079E-01
   680    0.251402E-04    0.679284E-03    0.156890E-02    0.204074E-02    0.277540E-02    0.341725E-02    0.396505E-02    0.441838E-02    0.453553E-02    0.446528E-02    0.816918E-02   -0.219306E-02   -0.260143E-01   -0.508993E-01   -0.664882E-01   -0.637705E-01   -0.431034E-01   -0.159605E-01    0.170567E-02    0.105645E-01    0.171146E-01    0.144851E-01    0.540086E-02   -0.362032E-02   -0.111611E-01   -0.484697E-01   -0.556901E-01
   700    0.418745E-04    0.101213E-02    0.242418E-02    0.315757E-02    0.430283E-02    0.526113E-02    0.605686E-02    0.673149E-02    0.697494E-02    0.685494E-02    0.121543E-01   -0.248513E-02   -0.303403E-01   -0.579495E-01   -0.719479E-01   -0.633990E-01   -0.357487E-01   -0.484458E-02    0.332368E-02    0.135056E-01    0.189758E-01    0.153930E-01    0.676919E-02   -0.183706E-02   -0.920761E-02   -0.707957E-01   -0.371496E-01
   720    0.564587E-04    0.129520E-02    0.313437E-02    0.408651E-02    0.556880E-02    0.687463E-02    0.797572E-02    0.886505E-02    0.937077E-02    0.938676E-02    0.167928E-01   -0.144110E-02   -0.295592E-01   -0.560613E-01   -0.648995E-01   -0.511391E-01   -0.147656E-01    0.977418E-03    0.555039E-02    0.150770E-01    0.193556E-01    0.161596E-01    0.885215E-02    0.152770E-02   -0.462560E-02   -0.746913E-01    0.100103E-01
   740    0.700108E-04    0.153886E-02    0.376704E-02    0.482364E-02    0.669904E-02    0.829810E-02    0.977706E-02    0.109162E-01    0.117590E-01    0.119561E-01    0.216816E-01    0.245270E-02   -0.224699E-01   -0.437261E-01   -0.454996E-01   -0.245508E-01    0.580625E-02    0.316669E-02    0.716695E-02    0.139662E-01    0.175277E-01    0.177953E-01    0.128952E-01    0.808517E-02    0.310643E-02   -0.643251E-01    0.530115E-01
   760    0.682092E-04    0.148073E-02    0.373502E-02    0.490174E-02    0.703620E-02    0.875353E-02    0.106042E-01    0.118820E-01    0.130026E-01    0.132345E-01    0.243774E-01    0.766124E-02   -0.956587E-02   -0.189354E-01   -0.115509E-01    0.147239E-01    0.190616E-01    0.724560E-02    0.984160E-02    0.105070E-01    0.152856E-01    0.200592E-01    0.190576E-01    0.166339E-01    0.130798E-01   -0.466683E-01    0.389539E-01
   780    0.560140E-04    0.122927E-02    0.316342E-02    0.432459E-02    0.637781E-02    0.790734E-02    0.988782E-02    0.111272E-01    0.123095E-01    0.126226E-01    0.235080E-01    0.146436E-01    0.890637E-02    0.155156E-01    0.336259E-01    0.459072E-01    0.316049E-01    0.138678E-01    0.690549E-02    0.330635E-02    0.127216E-01    0.224903E-01    0.276493E-01    0.277105E-01    0.240967E-01   -0.194613E-01    0.159468E-01
   800    0.383518E-04    0.850736E-03    0.210354E-02    0.314439E-02    0.467711E-02    0.576904E-02    0.726987E-02    0.826825E-02    0.924733E-02    0.966909E-02    0.193811E-01    0.212342E-01    0.301243E-01    0.530658E-01    0.762189E-01    0.717975E-01    0.441344E-01    0.192261E-01    0.374715E-02   -0.202747E-02    0.101868E-01    0.261953E-01    0.365480E-01    0.367509E-01    0.310473E-01    0.465625E-02   -0.646971E-01
   820    0.239211E-04    0.549535E-03    0.114098E-02    0.201865E-02    0.289062E-02    0.340966E-02    0.426858E-02    0.479759E-02    0.557604E-02    0.629316E-02    0.150967E-01    0.305426E-01    0.524345E-01    0.860323E-01    0.104253E+00    0.893087E-01    0.497344E-01    0.189126E-01   -0.142681E-02   -0.555428E-02    0.878059E-02    0.295921E-01    0.443476E-01    0.444753E-01    0.353975E-01    0.161412E-01   -0.119375E+00
   840    0.215434E-04    0.489087E-03    0.695285E-03    0.140224E-02    0.159010E-02    0.154288E-02    0.182095E-02    0.198864E-02    0.270264E-02    0.401283E-02    0.134637E-01    0.426042E-01    0.749984E-01    0.112252E+00    0.124099E+00    0.962216E-01    0.470440E-01    0.144832E-01   -0.653375E-02   -0.897683E-02    0.817276E-02    0.342533E-01    0.511460E-01    0.497119E-01    0.373030E-01    0.337223E-01   -0.200650E+00
   860    0.309899E-04    0.604911E-03    0.619995E-03    0.128562E-02    0.114197E-02    0.675174E-03    0.675829E-03    0.777004E-03    0.180977E-02    0.371509E-02    0.167579E-01    0.579339E-01    0.966391E-01    0.129649E+00    0.128952E+00    0.896373E-01    0.360438E-01    0.459859E-02   -0.134988E-01   -0.125614E-01    0.796396E-02    0.383040E-01    0.565935E-01    0.527523E-01    0.358310E-01    0.456385E-01   -0.235248E+00
   880    0.409989E-04    0.796743E-03    0.785040E-03    0.159718E-02    0.141185E-02    0.964344E-03    0.106032E-02    0.149692E-02    0.334821E-02    0.599613E-02    0.236815E-01    0.728681E-01    0.108461E+00    0.130361E+00    0.116172E+00    0.703569E-01    0.188796E-01   -0.845255E-02   -0.234700E-01   -0.168806E-01    0.836323E-02    0.407096E-01    0.569609E-01    0.501078E-01    0.297797E-01    0.443743E-01   -0.249709E+00
   900    0.509254E-04    0.992657E-03    0.964027E-03    0.208970E-02    0.211059E-02    0.202196E-02    0.272720E-02    0.396964E-02    0.667258E-02    0.100101E-01    0.317588E-01    0.830507E-01    0.103986E+00    0.112254E+00    0.855092E-01    0.430306E-01   -0.213069E-02   -0.209115E-01   -0.301084E-01   -0.188832E-01    0.952756E-02    0.399309E-01    0.510180E-01    0.397990E-01    0.182618E-01    0.445173E-01   -0.209199E+00
   920    0.607263E-04    0.119741E-02    0.117988E-02    0.279435E-02    0.327406E-02    0.397751E-02    0.529603E-02    0.723549E-02    0.104460E-01    0.129705E-01    0.355534E-01    0.769020E-01    0.821743E-01    0.758364E-01    0.427281E-01    0.950064E-02   -0.212536E-01   -0.308762E-01   -0.327032E-01   -0.163936E-01    0.129232E-01    0.358799E-01    0.403495E-01    0.234399E-01    0.322488E-02    0.193461E-01   -0.148399E+00
   940    0.755882E-04    0.155795E-02    0.174379E-02    0.408314E-02    0.506055E-02    0.647986E-02    0.852775E-02    0.106527E-01    0.133152E-01    0.151038E-01    0.370837E-01    0.604722E-01    0.483912E-01    0.260228E-01   -0.599558E-02   -0.220305E-01   -0.379130E-01   -0.339935E-01   -0.291426E-01   -0.888717E-02    0.172571E-01    0.313192E-01    0.241887E-01    0.379611E-02   -0.140872E-01   -0.282102E-01   -0.642451E-01
   960    0.100810E-03    0.226211E-02    0.303608E-02    0.611520E-02    0.770156E-02    0.963136E-02    0.116090E-01    0.133134E-01    0.151616E-01    0.156711E-01    0.342527E-01    0.398536E-01    0.711841E-02   -0.235192E-01   -0.487223E-01   -0.492683E-01   -0.465596E-01   -0.346746E-01   -0.219182E-01    0.188670E-04    0.196462E-01    0.222941E-01    0.972945E-02   -0.123058E-01   -0.267959E-01   -0.100870E+00    0.436427E-01
   980    0.141450E-03    0.326534E-02    0.513921E-02    0.884353E-02    0.109091E-01    0.124601E-01    0.140440E-01    0.147852E-01    0.147385E-01    0.138150E-01    0.261326E-01    0.126278E-01   -0.303589E-01   -0.655820E-01   -0.768559E-01   -0.631791E-01   -0.479489E-01   -0.303159E-01   -0.137109E-01    0.674746E-02    0.170837E-01    0.111765E-01   -0.340386E-02   -0.234203E-01   -0.342166E-01   -0.192731E+00    0.130140E+00
  1000    0.181605E-03    0.414423E-02    0.736265E-02    0.108965E-01    0.131286E-01    0.144642E-01    0.147239E-01    0.141243E-01    0.124091E-01    0.992159E-02    0.141933E-01   -0.154214E-01   -0.613178E-01   -0.907648E-01   -0.855781E-01   -0.611937E-01   -0.387077E-01   -0.205734E-01   -0.564784E-02    0.718288E-02    0.890468E-02   -0.109594E-02   -0.135418E-01   -0.258339E-01   -0.319205E-01   -0.318074E+00    0.185855E+00
