     0               2              12              22              32              42              52              62              72              82              92             102             132             162             192             222             252             282             312             342             372             402             432             462             492             522             552             852
    20    0.126518E-04    0.288317E-03    0.573793E-03    0.828613E-03    0.112518E-02    0.136661E-02    0.166716E-02    0.201544E-02    0.237805E-02    0.288633E-02    0.720803E-02    0.188358E-01    0.274447E-01    0.306670E-01    0.262125E-01    0.189808E-01    0.139618E-01    0.157174E-01    0.211571E-01    0.249560E-01    0.197788E-01    0.156742E-01    0.201844E-01    0.280517E-01    0.302927E-01    0.139535E+00   -0.780947E-01
    40    0.122811E-04    0.253595E-03    0.490083E-03    0.710854E-03    0.951744E-03    0.121949E-02    0.157224E-02    0.198992E-02    0.252475E-02    0.324750E-02    0.822551E-02    0.222855E-01    0.313064E-01    0.340903E-01    0.292764E-01    0.220136E-01    0.173472E-01    0.197603E-01    0.247276E-01    0.266046E-01    0.226375E-01    0.199180E-01    0.236622E-01    0.300557E-01    0.311568E-01    0.140711E+00   -0.772475E-01
    60    0.997139E-05    0.173759E-03    0.320133E-03    0.473480E-03    0.739731E-03    0.990999E-03    0.139018E-02    0.198394E-02    0.271870E-02    0.369039E-02    0.961593E-02    0.264389E-01    0.361072E-01    0.389567E-01    0.336665E-01    0.272326E-01    0.231960E-01    0.249488E-01    0.268902E-01    0.269452E-01    0.257543E-01    0.259118E-01    0.291793E-01    0.335671E-01    0.336247E-01    0.149409E+00   -0.328488E-01
    80    0.579780E-05    0.802149E-04    0.135465E-03    0.267580E-03    0.494857E-03    0.817322E-03    0.136113E-02    0.210778E-02    0.307719E-02    0.433133E-02    0.114423E-01    0.314045E-01    0.415738E-01    0.439396E-01    0.392091E-01    0.340166E-01    0.303463E-01    0.300012E-01    0.289542E-01    0.274829E-01    0.287493E-01    0.320263E-01    0.354165E-01    0.373737E-01    0.360576E-01    0.148035E+00    0.159598E-01
   100    0.346104E-05    0.436002E-04    0.431973E-04    0.246055E-03    0.521477E-03    0.982665E-03    0.170267E-02    0.266877E-02    0.390457E-02    0.540564E-02    0.140757E-01    0.368359E-01    0.468682E-01    0.502727E-01    0.473398E-01    0.429736E-01    0.389778E-01    0.371866E-01    0.328034E-01    0.314513E-01    0.346330E-01    0.392444E-01    0.423365E-01    0.425731E-01    0.391021E-01    0.146915E+00    0.141224E-01
   120    0.451382E-05    0.942243E-04    0.137726E-03    0.478240E-03    0.882690E-03    0.155771E-02    0.250102E-02    0.371699E-02    0.516591E-02    0.691365E-02    0.172961E-01    0.422417E-01    0.528203E-01    0.569915E-01    0.556699E-01    0.538480E-01    0.492016E-01    0.451666E-01    0.389332E-01    0.372671E-01    0.418044E-01    0.460808E-01    0.485834E-01    0.475044E-01    0.398919E-01    0.127786E+00    0.106694E-01
   140    0.121789E-04    0.288193E-03    0.500257E-03    0.108120E-02    0.173256E-02    0.258455E-02    0.377632E-02    0.520787E-02    0.677555E-02    0.872696E-02    0.211219E-01    0.467814E-01    0.583347E-01    0.629088E-01    0.645800E-01    0.643224E-01    0.590142E-01    0.547061E-01    0.483541E-01    0.463716E-01    0.488986E-01    0.511747E-01    0.511672E-01    0.470059E-01    0.349616E-01    0.763072E-01   -0.889809E-01
   160    0.265716E-04    0.636126E-03    0.115920E-02    0.205037E-02    0.296997E-02    0.401060E-02    0.537315E-02    0.685888E-02    0.847229E-02    0.103977E-01    0.245750E-01    0.513280E-01    0.631524E-01    0.689599E-01    0.723708E-01    0.751229E-01    0.698834E-01    0.674262E-01    0.596108E-01    0.578774E-01    0.562001E-01    0.547590E-01    0.512596E-01    0.426409E-01    0.248011E-01    0.252178E-01   -0.161771E+00
   180    0.486496E-04    0.113415E-02    0.210954E-02    0.333270E-02    0.454355E-02    0.567859E-02    0.725116E-02    0.848731E-02    0.998720E-02    0.117299E-01    0.272551E-01    0.550038E-01    0.682135E-01    0.768533E-01    0.817072E-01    0.864065E-01    0.828939E-01    0.808343E-01    0.747302E-01    0.688003E-01    0.623051E-01    0.560915E-01    0.461416E-01    0.306943E-01    0.669615E-02   -0.762833E-01   -0.274000E+00
   200    0.770576E-04    0.176467E-02    0.328736E-02    0.482477E-02    0.625999E-02    0.736036E-02    0.894281E-02    0.983418E-02    0.110934E-01    0.131011E-01    0.296691E-01    0.585025E-01    0.724030E-01    0.828597E-01    0.908018E-01    0.981478E-01    0.968353E-01    0.981435E-01    0.888994E-01    0.783947E-01    0.636506E-01    0.517175E-01    0.363303E-01    0.108374E-01   -0.197548E-01   -0.232165E+00   -0.446042E+00
   220    0.110574E-03    0.244518E-02    0.456851E-02    0.648718E-02    0.794356E-02    0.877126E-02    0.103303E-01    0.111039E-01    0.120027E-01    0.144061E-01    0.316226E-01    0.658261E-01    0.802098E-01    0.916617E-01    0.103184E+00    0.114547E+00    0.113645E+00    0.116872E+00    0.107457E+00    0.886840E-01    0.620896E-01    0.455353E-01    0.196871E-01   -0.116690E-01   -0.483655E-01   -0.333226E+00   -0.566854E+00
   240    0.141806E-03    0.304723E-02    0.572518E-02    0.756313E-02    0.889493E-02    0.995654E-02    0.110460E-01    0.117141E-01    0.121886E-01    0.151642E-01    0.331066E-01    0.710576E-01    0.865396E-01    0.102015E+00    0.117952E+00    0.130827E+00    0.132559E+00    0.136435E+00    0.122107E+00    0.933033E-01    0.534435E-01    0.281833E-01   -0.326425E-03   -0.408682E-01   -0.820623E-01   -0.598038E+00   -0.755745E+00
   260    0.157820E-03    0.329941E-02    0.596428E-02    0.773694E-02    0.832312E-02    0.942128E-02    0.976025E-02    0.108511E-01    0.118459E-01    0.149245E-01    0.341003E-01    0.756326E-01    0.941151E-01    0.113161E+00    0.135669E+00    0.150985E+00    0.151561E+00    0.164702E+00    0.145463E+00    0.983783E-01    0.420671E-01    0.109686E-01   -0.183746E-01   -0.638123E-01   -0.100248E+00   -0.587426E+00   -0.877533E+00
   280    0.138007E-03    0.275501E-02    0.438532E-02    0.528483E-02    0.494114E-02    0.557837E-02    0.629221E-02    0.740341E-02    0.951185E-02    0.129319E-01    0.323153E-01    0.728045E-01    0.942336E-01    0.127528E+00    0.153356E+00    0.172084E+00    0.184600E+00    0.206644E+00    0.175117E+00    0.108040E+00    0.328790E-01    0.324701E-02   -0.213910E-01   -0.557791E-01   -0.875957E-01   -0.461220E+00   -0.749380E+00
   300    0.562420E-04    0.775547E-03    0.530604E-04   -0.794557E-03   -0.211286E-02   -0.264183E-02   -0.172639E-02   -0.147655E-03    0.395913E-02    0.908148E-02    0.287573E-01    0.549351E-01    0.905522E-01    0.137774E+00    0.170333E+00    0.191207E+00    0.222434E+00    0.263097E+00    0.219763E+00    0.117606E+00    0.328868E-01    0.120136E-01    0.972785E-02   -0.657838E-03   -0.206280E-01    0.125042E+00   -0.517396E-01
   320   -0.768405E-04   -0.215593E-02   -0.612367E-02   -0.904909E-02   -0.119863E-01   -0.133227E-01   -0.121631E-01   -0.916941E-02   -0.354650E-02    0.305072E-02    0.189164E-01    0.382012E-01    0.718899E-01    0.141338E+00    0.183841E+00    0.210252E+00    0.267083E+00    0.313930E+00    0.261420E+00    0.128393E+00    0.499174E-01    0.582135E-01    0.859659E-01    0.106730E+00    0.105614E+00    0.102161E+01    0.125782E+01
   340   -0.173561E-03   -0.422263E-02   -0.106622E-01   -0.144021E-01   -0.184381E-01   -0.201938E-01   -0.192680E-01   -0.153767E-01   -0.963605E-02   -0.174240E-02    0.122839E-01    0.270990E-01    0.633430E-01    0.137205E+00    0.176205E+00    0.208207E+00    0.271807E+00    0.309855E+00    0.240373E+00    0.106400E+00    0.533280E-01    0.962162E-01    0.155588E+00    0.185592E+00    0.188000E+00    0.158325E+01    0.214436E+01
   360   -0.182174E-03   -0.426257E-02   -0.104791E-01   -0.142505E-01   -0.186262E-01   -0.209477E-01   -0.206135E-01   -0.174506E-01   -0.108787E-01   -0.378328E-02    0.101202E-01    0.330168E-01    0.717433E-01    0.126793E+00    0.158613E+00    0.200191E+00    0.248278E+00    0.276416E+00    0.216980E+00    0.111945E+00    0.129468E+00    0.196898E+00    0.269613E+00    0.305903E+00    0.302012E+00    0.180702E+01    0.325268E+01
   380   -0.116201E-03   -0.275686E-02   -0.657332E-02   -0.102047E-01   -0.137930E-01   -0.160358E-01   -0.150364E-01   -0.124179E-01   -0.741571E-02   -0.802556E-03    0.131889E-01    0.485070E-01    0.867421E-01    0.109107E+00    0.132603E+00    0.169931E+00    0.214175E+00    0.236997E+00    0.181433E+00    0.137271E+00    0.195629E+00    0.282327E+00    0.350605E+00    0.373472E+00    0.361371E+00    0.175089E+01    0.340071E+01
   400   -0.529754E-04   -0.144914E-02   -0.345425E-02   -0.649647E-02   -0.835939E-02   -0.978954E-02   -0.914622E-02   -0.701303E-02   -0.303121E-02    0.205808E-02    0.174064E-01    0.557567E-01    0.931146E-01    0.993701E-01    0.108499E+00    0.148485E+00    0.182498E+00    0.211235E+00    0.163097E+00    0.168485E+00    0.263473E+00    0.344047E+00    0.397987E+00    0.413344E+00    0.394419E+00    0.150059E+01    0.325502E+01
   420   -0.352579E-04   -0.104627E-02   -0.219148E-02   -0.439960E-02   -0.536570E-02   -0.603529E-02   -0.565868E-02   -0.376243E-02   -0.779353E-03    0.301350E-02    0.168401E-01    0.416365E-01    0.804743E-01    0.851188E-01    0.848883E-01    0.121436E+00    0.164749E+00    0.219558E+00    0.169363E+00    0.197287E+00    0.297984E+00    0.383085E+00    0.425254E+00    0.429796E+00    0.409498E+00    0.119440E+01    0.322808E+01
   440   -0.448475E-04   -0.122245E-02   -0.281677E-02   -0.407537E-02   -0.502544E-02   -0.552148E-02   -0.472737E-02   -0.395861E-02   -0.124128E-02    0.128430E-02    0.912153E-02    0.179359E-01    0.468215E-01    0.624855E-01    0.597344E-01    0.103444E+00    0.156967E+00    0.216270E+00    0.178127E+00    0.237791E+00    0.330780E+00    0.383613E+00    0.430091E+00    0.428724E+00    0.405919E+00    0.880562E+00    0.288573E+01
   460   -0.717262E-04   -0.175576E-02   -0.459746E-02   -0.560726E-02   -0.704819E-02   -0.826795E-02   -0.764351E-02   -0.825298E-02   -0.696921E-02   -0.577699E-02   -0.756357E-02   -0.193019E-01    0.453659E-04    0.217467E-01    0.324186E-01    0.891192E-01    0.156045E+00    0.222446E+00    0.196758E+00    0.247259E+00    0.324311E+00    0.376219E+00    0.407878E+00    0.414850E+00    0.391523E+00    0.479104E+00    0.231565E+01
   480   -0.107765E-03   -0.255439E-02   -0.692942E-02   -0.844869E-02   -0.112759E-01   -0.142244E-01   -0.157059E-01   -0.185632E-01   -0.193624E-01   -0.198396E-01   -0.407455E-01   -0.648545E-01   -0.729500E-01   -0.401956E-01   -0.564207E-02    0.692003E-01    0.135297E+00    0.201661E+00    0.206454E+00    0.266748E+00    0.299518E+00    0.332799E+00    0.379048E+00    0.385169E+00    0.355264E+00    0.994519E-01    0.161764E+01
   500   -0.154942E-03   -0.363720E-02   -0.953263E-02   -0.121136E-01   -0.175879E-01   -0.236221E-01   -0.285511E-01   -0.343157E-01   -0.377817E-01   -0.407658E-01   -0.850955E-01   -0.130000E+00   -0.161827E+00   -0.131514E+00   -0.648863E-01    0.343214E-01    0.118218E+00    0.181820E+00    0.203993E+00    0.247259E+00    0.273486E+00    0.281916E+00    0.333119E+00    0.344267E+00    0.302855E+00   -0.378043E+00    0.425553E+00
   520   -0.223432E-03   -0.526805E-02   -0.129993E-01   -0.175273E-01   -0.262474E-01   -0.359059E-01   -0.448867E-01   -0.539918E-01   -0.613402E-01   -0.671272E-01   -0.143859E+00   -0.221369E+00   -0.276473E+00   -0.248619E+00   -0.142364E+00   -0.195861E-01    0.536745E-01    0.128681E+00    0.195917E+00    0.228905E+00    0.213585E+00    0.229432E+00    0.271803E+00    0.276855E+00    0.224535E+00   -0.933122E+00   -0.937860E+00
   540   -0.326000E-03   -0.769121E-02   -0.177226E-01   -0.250835E-01   -0.370247E-01   -0.501333E-01   -0.635903E-01   -0.767690E-01   -0.887585E-01   -0.986544E-01   -0.215869E+00   -0.347433E+00   -0.417001E+00   -0.395856E+00   -0.264355E+00   -0.117341E+00   -0.426996E-01    0.572463E-01    0.138952E+00    0.181004E+00    0.144993E+00    0.128642E+00    0.178780E+00    0.178786E+00    0.119638E+00   -0.168616E+01   -0.264934E+01
   560   -0.464721E-03   -0.108602E-01   -0.237420E-01   -0.342892E-01   -0.493267E-01   -0.658502E-01   -0.835823E-01   -0.101342E+00   -0.118633E+00   -0.134176E+00   -0.298596E+00   -0.511561E+00   -0.590546E+00   -0.575840E+00   -0.426940E+00   -0.279984E+00   -0.207165E+00   -0.550541E-01    0.596354E-01    0.765569E-01    0.491091E-02   -0.457958E-02    0.292560E-01    0.272989E-01   -0.255015E-01   -0.272780E+01   -0.479915E+01
   580   -0.591592E-03   -0.137421E-01   -0.289729E-01   -0.423826E-01   -0.600825E-01   -0.792181E-01   -0.100177E+00   -0.122102E+00   -0.144341E+00   -0.166211E+00   -0.374205E+00   -0.686750E+00   -0.776272E+00   -0.768499E+00   -0.643954E+00   -0.508189E+00   -0.413780E+00   -0.234816E+00   -0.115053E+00   -0.102246E+00   -0.191902E+00   -0.193868E+00   -0.136448E+00   -0.147424E+00   -0.218850E+00   -0.390178E+01   -0.712247E+01
   600   -0.669842E-03   -0.155219E-01   -0.317467E-01   -0.475293E-01   -0.668066E-01   -0.875657E-01   -0.110494E+00   -0.135162E+00   -0.160914E+00   -0.187354E+00   -0.424284E+00   -0.818299E+00   -0.937319E+00   -0.948354E+00   -0.858188E+00   -0.756312E+00   -0.649451E+00   -0.425790E+00   -0.329254E+00   -0.361015E+00   -0.421159E+00   -0.379067E+00   -0.331755E+00   -0.328107E+00   -0.386850E+00   -0.474278E+01   -0.923445E+01
   620   -0.671012E-03   -0.156637E-01   -0.310827E-01   -0.486972E-01   -0.685879E-01   -0.896706E-01   -0.113000E+00   -0.138100E+00   -0.164929E+00   -0.192917E+00   -0.437643E+00   -0.867187E+00   -0.101931E+01   -0.106405E+01   -0.103330E+01   -0.959299E+00   -0.827495E+00   -0.639098E+00   -0.558900E+00   -0.599501E+00   -0.612552E+00   -0.534205E+00   -0.477857E+00   -0.473494E+00   -0.470841E+00   -0.490688E+01   -0.101836E+02
   640   -0.645734E-03   -0.152871E-01   -0.295072E-01   -0.489526E-01   -0.687346E-01   -0.894936E-01   -0.112213E+00   -0.136244E+00   -0.161968E+00   -0.189272E+00   -0.426716E+00   -0.849456E+00   -0.102822E+01   -0.111165E+01   -0.111369E+01   -0.105990E+01   -0.938020E+00   -0.766903E+00   -0.718820E+00   -0.774612E+00   -0.735085E+00   -0.632566E+00   -0.541360E+00   -0.516148E+00   -0.485464E+00   -0.438622E+01   -0.955390E+01
   660   -0.662384E-03   -0.158809E-01   -0.299729E-01   -0.515597E-01   -0.715432E-01   -0.922757E-01   -0.114180E+00   -0.136619E+00   -0.160593E+00   -0.184908E+00   -0.414251E+00   -0.808142E+00   -0.980812E+00   -0.108877E+01   -0.110730E+01   -0.107367E+01   -0.961074E+00   -0.830167E+00   -0.799288E+00   -0.838383E+00   -0.772418E+00   -0.640481E+00   -0.541937E+00   -0.475565E+00   -0.409029E+00   -0.328191E+01   -0.760893E+01
   680   -0.757810E-03   -0.181992E-01   -0.343438E-01   -0.585746E-01   -0.797178E-01   -0.101276E+00   -0.123101E+00   -0.144765E+00   -0.167063E+00   -0.189051E+00   -0.415742E+00   -0.795304E+00   -0.951854E+00   -0.105103E+01   -0.106573E+01   -0.104494E+01   -0.943942E+00   -0.827200E+00   -0.810046E+00   -0.838746E+00   -0.743937E+00   -0.593128E+00   -0.477542E+00   -0.374930E+00   -0.291775E+00   -0.184971E+01   -0.493375E+01
   700   -0.918004E-03   -0.219161E-01   -0.420784E-01   -0.688750E-01   -0.924162E-01   -0.115801E+00   -0.138589E+00   -0.160460E+00   -0.182022E+00   -0.201845E+00   -0.439339E+00   -0.824149E+00   -0.945433E+00   -0.102043E+01   -0.102119E+01   -0.100219E+01   -0.909512E+00   -0.798278E+00   -0.769233E+00   -0.778052E+00   -0.661127E+00   -0.508730E+00   -0.390429E+00   -0.267618E+00   -0.165240E+00   -0.511078E+00   -0.223700E+01
   720   -0.112220E-02   -0.265357E-01   -0.522514E-01   -0.818903E-01   -0.109186E+00   -0.135755E+00   -0.160981E+00   -0.184845E+00   -0.207060E+00   -0.227110E+00   -0.487998E+00   -0.902093E+00   -0.100421E+01   -0.103426E+01   -0.101626E+01   -0.984405E+00   -0.867396E+00   -0.767900E+00   -0.725177E+00   -0.707678E+00   -0.581835E+00   -0.448366E+00   -0.326730E+00   -0.188301E+00   -0.708906E-01    0.484933E+00   -0.491863E-01
   740   -0.134121E-02   -0.314365E-01   -0.633971E-01   -0.959004E-01   -0.128129E+00   -0.159222E+00   -0.188685E+00   -0.216009E+00   -0.241141E+00   -0.262743E+00   -0.564229E+00   -0.102126E+01   -0.111035E+01   -0.109727E+01   -0.103951E+01   -0.973749E+00   -0.847352E+00   -0.722848E+00   -0.674903E+00   -0.628922E+00   -0.528819E+00   -0.398976E+00   -0.273053E+00   -0.131772E+00   -0.123461E-02    0.112847E+01    0.185331E+01
   760   -0.154255E-02   -0.359240E-01   -0.736602E-01   -0.109073E+00   -0.146666E+00   -0.183390E+00   -0.218477E+00   -0.251312E+00   -0.281151E+00   -0.307033E+00   -0.658974E+00   -0.116785E+01   -0.125944E+01   -0.120900E+01   -0.110851E+01   -0.996809E+00   -0.851798E+00   -0.749878E+00   -0.644776E+00   -0.597526E+00   -0.530185E+00   -0.407297E+00   -0.274956E+00   -0.144304E+00   -0.116184E-01    0.102721E+01    0.323583E+01
   780   -0.167068E-02   -0.387532E-01   -0.802223E-01   -0.117541E+00   -0.159397E+00   -0.201272E+00   -0.242182E+00   -0.280870E+00   -0.316583E+00   -0.347418E+00   -0.749475E+00   -0.129524E+01   -0.140057E+01   -0.132640E+01   -0.117588E+01   -0.103830E+01   -0.906275E+00   -0.794239E+00   -0.668782E+00   -0.619331E+00   -0.569811E+00   -0.454258E+00   -0.321729E+00   -0.200563E+00   -0.736873E-01    0.415406E+00    0.402093E+01
   800   -0.166571E-02   -0.385430E-01   -0.799432E-01   -0.116989E+00   -0.159918E+00   -0.204192E+00   -0.248482E+00   -0.291200E+00   -0.331114E+00   -0.366220E+00   -0.793400E+00   -0.134959E+01   -0.146541E+01   -0.138975E+01   -0.122335E+01   -0.107946E+01   -0.987440E+00   -0.866959E+00   -0.748346E+00   -0.699409E+00   -0.650078E+00   -0.536885E+00   -0.399110E+00   -0.288336E+00   -0.170944E+00   -0.578928E+00    0.431338E+01
   820   -0.157676E-02   -0.364637E-01   -0.753133E-01   -0.110758E+00   -0.152386E+00   -0.196496E+00   -0.241458E+00   -0.285883E+00   -0.328240E+00   -0.365625E+00   -0.795892E+00   -0.134714E+01   -0.148274E+01   -0.143217E+01   -0.127538E+01   -0.116426E+01   -0.109247E+01   -0.983422E+00   -0.884916E+00   -0.829390E+00   -0.775948E+00   -0.662224E+00   -0.521962E+00   -0.402266E+00   -0.285828E+00   -0.155081E+01    0.428176E+01
   840   -0.148900E-02   -0.344547E-01   -0.702918E-01   -0.104592E+00   -0.144462E+00   -0.187490E+00   -0.232137E+00   -0.276668E+00   -0.320252E+00   -0.359581E+00   -0.787517E+00   -0.135205E+01   -0.150826E+01   -0.149798E+01   -0.137954E+01   -0.130509E+01   -0.125647E+01   -0.117164E+01   -0.110542E+01   -0.103388E+01   -0.965947E+00   -0.840604E+00   -0.684424E+00   -0.550885E+00   -0.424244E+00   -0.254053E+01    0.432269E+01
   860   -0.141433E-02   -0.327637E-01   -0.655959E-01   -0.992282E-01   -0.136988E+00   -0.177898E+00   -0.221178E+00   -0.264551E+00   -0.307854E+00   -0.347953E+00   -0.765494E+00   -0.135359E+01   -0.153338E+01   -0.157753E+01   -0.151779E+01   -0.147524E+01   -0.146318E+01   -0.140228E+01   -0.134326E+01   -0.126866E+01   -0.118232E+01   -0.104501E+01   -0.869206E+00   -0.711806E+00   -0.562566E+00   -0.318690E+01    0.424565E+01
   880   -0.136731E-02   -0.317258E-01   -0.619375E-01   -0.953871E-01   -0.131403E+00   -0.169726E+00   -0.210461E+00   -0.251656E+00   -0.293339E+00   -0.333465E+00   -0.738516E+00   -0.136889E+01   -0.156160E+01   -0.167658E+01   -0.167754E+01   -0.167743E+01   -0.167886E+01   -0.164908E+01   -0.160423E+01   -0.151985E+01   -0.141112E+01   -0.124111E+01   -0.106131E+01   -0.870792E+00   -0.704060E+00   -0.355278E+01    0.426414E+01
   900   -0.135769E-02   -0.315122E-01   -0.598915E-01   -0.942727E-01   -0.129055E+00   -0.164839E+00   -0.202891E+00   -0.241448E+00   -0.281084E+00   -0.320327E+00   -0.712820E+00   -0.135581E+01   -0.157708E+01   -0.176156E+01   -0.182637E+01   -0.185145E+01   -0.188064E+01   -0.184828E+01   -0.180132E+01   -0.171789E+01   -0.159318E+01   -0.139753E+01   -0.120097E+01   -0.990794E+00   -0.781727E+00   -0.346453E+01    0.433371E+01
   920   -0.141085E-02   -0.328031E-01   -0.609497E-01   -0.976141E-01   -0.132301E+00   -0.167285E+00   -0.203676E+00   -0.240779E+00   -0.279171E+00   -0.317586E+00   -0.702226E+00   -0.136175E+01   -0.162886E+01   -0.184431E+01   -0.198144E+01   -0.201832E+01   -0.203169E+01   -0.201664E+01   -0.194092E+01   -0.184975E+01   -0.168984E+01   -0.148091E+01   -0.125636E+01   -0.102669E+01   -0.818539E+00   -0.287229E+01    0.454399E+01
   940   -0.156157E-02   -0.362329E-01   -0.665348E-01   -0.107850E+00   -0.144616E+00   -0.181508E+00   -0.218798E+00   -0.255250E+00   -0.292278E+00   -0.330596E+00   -0.729632E+00   -0.139513E+01   -0.169963E+01   -0.197418E+01   -0.212783E+01   -0.216073E+01   -0.218965E+01   -0.211606E+01   -0.203080E+01   -0.190283E+01   -0.173507E+01   -0.148340E+01   -0.124702E+01   -0.986395E+00   -0.740858E+00   -0.174618E+01    0.482568E+01
   960   -0.181848E-02   -0.422760E-01   -0.772690E-01   -0.125253E+00   -0.166874E+00   -0.207033E+00   -0.245857E+00   -0.285002E+00   -0.323045E+00   -0.361580E+00   -0.791306E+00   -0.151383E+01   -0.182786E+01   -0.210139E+01   -0.227273E+01   -0.229436E+01   -0.226862E+01   -0.217889E+01   -0.200610E+01   -0.186448E+01   -0.164175E+01   -0.137995E+01   -0.108992E+01   -0.811735E+00   -0.580512E+00   -0.320995E-01    0.511979E+01
   980   -0.223083E-02   -0.516799E-01   -0.947512E-01   -0.151883E+00   -0.199343E+00   -0.247559E+00   -0.292183E+00   -0.333307E+00   -0.373238E+00   -0.415638E+00   -0.905807E+00   -0.169647E+01   -0.201851E+01   -0.228176E+01   -0.244658E+01   -0.244381E+01   -0.235484E+01   -0.217483E+01   -0.194865E+01   -0.178296E+01   -0.149083E+01   -0.118468E+01   -0.880719E+00   -0.550644E+00   -0.269430E+00    0.235261E+01    0.547758E+01
  1000   -0.272053E-02   -0.628547E-01   -0.114390E+00   -0.181893E+00   -0.239960E+00   -0.292554E+00   -0.341796E+00   -0.391088E+00   -0.439560E+00   -0.483778E+00   -0.104757E+01   -0.193798E+01   -0.223875E+01   -0.246680E+01   -0.260513E+01   -0.253161E+01   -0.240449E+01   -0.211847E+01   -0.183905E+01   -0.156932E+01   -0.126194E+01   -0.905136E+00   -0.544345E+00   -0.193590E+00    0.862029E-01    0.523175E+01    0.582976E+01
