     0               2              12              22              32              42              52              62              72              82              92             102             132             162             192             222             252             282             312             342             372             402             432             462             492             522             552             852
    20   -0.122881E-07    0.911084E-07    0.344664E-06    0.123453E-05   -0.137985E-05   -0.187678E-06    0.138303E-05    0.238430E-06    0.197501E-05    0.707148E-05    0.351284E-04    0.841634E-04    0.204337E-03    0.282216E-03    0.490131E-03    0.715420E-03    0.864870E-03    0.698503E-03    0.491307E-03    0.551504E-03    0.713018E-03    0.734794E-03    0.631924E-03    0.348371E-03   -0.150056E-03   -0.354847E-02   -0.226936E-01
    40   -0.101549E-06    0.304068E-06    0.370019E-06   -0.153949E-05   -0.412732E-05   -0.639894E-05   -0.114067E-04   -0.130338E-04   -0.104132E-04   -0.132592E-04    0.451359E-05    0.385307E-04    0.866654E-04    0.207043E-03    0.471369E-03    0.754659E-03    0.894651E-03    0.753497E-03    0.653576E-03    0.733693E-03    0.881528E-03    0.905689E-03    0.746922E-03    0.418183E-03   -0.610822E-04   -0.293229E-02   -0.200881E-01
    60    0.133229E-06    0.990005E-06    0.248650E-05   -0.146428E-05   -0.543191E-05   -0.115784E-04   -0.185661E-04   -0.227925E-04   -0.238116E-04   -0.252744E-04   -0.270018E-04   -0.858452E-04   -0.523997E-04    0.162117E-03    0.528350E-03    0.816034E-03    0.859579E-03    0.793470E-03    0.765671E-03    0.950872E-03    0.114108E-02    0.110865E-02    0.857452E-03    0.498900E-03    0.202715E-04   -0.230966E-02   -0.171900E-01
    80    0.190662E-06    0.155693E-05    0.365042E-05    0.112494E-05   -0.379779E-05   -0.915924E-05   -0.207945E-04   -0.294858E-04   -0.396637E-04   -0.428327E-04   -0.763382E-04   -0.239243E-03   -0.135056E-03    0.160170E-03    0.642655E-03    0.912047E-03    0.914410E-03    0.810075E-03    0.825292E-03    0.110805E-02    0.138285E-02    0.132511E-02    0.100303E-02    0.554667E-03    0.352618E-04   -0.179722E-02   -0.141630E-01
   100    0.878108E-07    0.223072E-05    0.620719E-05    0.343010E-05   -0.582921E-06   -0.945177E-05   -0.213712E-04   -0.431046E-04   -0.579947E-04   -0.665741E-04   -0.105375E-03   -0.291407E-03   -0.737921E-04    0.358251E-03    0.687097E-03    0.922008E-03    0.101530E-02    0.988700E-03    0.899548E-03    0.119119E-02    0.148683E-02    0.148312E-02    0.113659E-02    0.619694E-03    0.470928E-04   -0.134427E-02   -0.105347E-01
   120    0.170267E-06    0.320717E-05    0.902409E-05    0.515239E-05    0.280209E-06   -0.979910E-05   -0.276288E-04   -0.522654E-04   -0.676901E-04   -0.766125E-04   -0.140400E-03   -0.329353E-03    0.901879E-04    0.641171E-03    0.993612E-03    0.113220E-02    0.121135E-02    0.116541E-02    0.980079E-03    0.126312E-02    0.152937E-02    0.147279E-02    0.114015E-02    0.679842E-03    0.108525E-03   -0.102522E-02   -0.834379E-02
   140    0.126589E-06    0.483750E-05    0.107850E-04    0.850607E-05    0.229141E-05   -0.985784E-05   -0.286705E-04   -0.511139E-04   -0.713331E-04   -0.786695E-04   -0.126960E-03   -0.148295E-03    0.447666E-03    0.952690E-03    0.122676E-02    0.119064E-02    0.144428E-02    0.128282E-02    0.112681E-02    0.134953E-02    0.150893E-02    0.135872E-02    0.105352E-02    0.699690E-03    0.288909E-03    0.385821E-03   -0.843991E-02
   160    0.328227E-06    0.761392E-05    0.161365E-04    0.134323E-04    0.877146E-05   -0.235352E-05   -0.189521E-04   -0.375057E-04   -0.517984E-04   -0.539795E-04   -0.714249E-04    0.216320E-03    0.840065E-03    0.131954E-02    0.167209E-02    0.167254E-02    0.171678E-02    0.156464E-02    0.122316E-02    0.135111E-02    0.143224E-02    0.121216E-02    0.860702E-03    0.686713E-03    0.540117E-03    0.219684E-02   -0.765107E-02
   180    0.509710E-06    0.114395E-04    0.231580E-04    0.252056E-04    0.231327E-04    0.170509E-04    0.812410E-05   -0.333466E-05   -0.100446E-04   -0.455057E-05    0.164827E-04    0.657857E-03    0.128562E-02    0.157743E-02    0.204610E-02    0.204660E-02    0.214837E-02    0.184619E-02    0.139992E-02    0.139491E-02    0.134844E-02    0.992297E-03    0.681910E-03    0.709706E-03    0.850580E-03    0.389307E-02   -0.109611E-01
   200    0.675919E-06    0.163443E-04    0.322131E-04    0.422078E-04    0.482163E-04    0.506447E-04    0.512733E-04    0.500840E-04    0.548960E-04    0.626651E-04    0.159438E-03    0.103822E-02    0.163520E-02    0.196216E-02    0.271722E-02    0.252382E-02    0.249846E-02    0.214236E-02    0.158892E-02    0.142776E-02    0.134783E-02    0.938497E-03    0.653135E-03    0.744068E-03    0.119199E-02    0.693861E-02   -0.121361E-01
   220    0.844893E-06    0.208697E-04    0.424605E-04    0.590296E-04    0.771986E-04    0.920448E-04    0.105198E-03    0.115871E-03    0.121765E-03    0.135095E-03    0.288830E-03    0.133998E-02    0.171360E-02    0.223876E-02    0.316695E-02    0.290846E-02    0.291311E-02    0.251191E-02    0.179176E-02    0.152175E-02    0.148690E-02    0.106683E-02    0.772808E-03    0.108245E-02    0.164741E-02    0.767130E-02   -0.162491E-01
   240    0.121151E-05    0.251034E-04    0.500223E-04    0.757604E-04    0.104376E-03    0.133870E-03    0.156442E-03    0.173657E-03    0.186176E-03    0.187451E-03    0.393792E-03    0.133653E-02    0.182574E-02    0.226440E-02    0.341734E-02    0.295583E-02    0.295671E-02    0.262420E-02    0.195897E-02    0.182708E-02    0.185171E-02    0.154618E-02    0.126712E-02    0.152647E-02    0.209589E-02    0.972930E-02   -0.192993E-01
   260    0.107961E-05    0.273425E-04    0.530257E-04    0.899248E-04    0.124196E-03    0.162204E-03    0.193135E-03    0.216857E-03    0.222818E-03    0.216668E-03    0.485141E-03    0.141313E-02    0.166350E-02    0.236880E-02    0.325465E-02    0.313888E-02    0.288578E-02    0.268493E-02    0.216636E-02    0.214393E-02    0.253265E-02    0.231541E-02    0.210913E-02    0.246601E-02    0.304325E-02    0.137266E-01   -0.216756E-01
   280    0.979788E-06    0.273799E-04    0.530268E-04    0.937346E-04    0.131776E-03    0.173261E-03    0.210961E-03    0.231675E-03    0.241172E-03    0.227833E-03    0.456240E-03    0.109561E-02    0.161321E-02    0.205114E-02    0.308049E-02    0.275425E-02    0.244187E-02    0.243152E-02    0.224202E-02    0.277157E-02    0.345026E-02    0.353072E-02    0.342004E-02    0.370993E-02    0.414601E-02    0.196141E-01   -0.230894E-01
   300    0.109024E-05    0.247109E-04    0.477306E-04    0.874725E-04    0.127206E-03    0.168837E-03    0.204589E-03    0.225774E-03    0.234058E-03    0.237435E-03    0.516682E-03    0.102959E-02    0.145322E-02    0.182387E-02    0.253313E-02    0.253729E-02    0.206849E-02    0.216740E-02    0.239306E-02    0.319356E-02    0.458750E-02    0.499806E-02    0.509035E-02    0.548101E-02    0.615053E-02    0.309603E-01   -0.219987E-01
   320    0.866494E-06    0.221625E-04    0.434990E-04    0.793816E-04    0.118007E-03    0.155823E-03    0.193278E-03    0.220660E-03    0.239716E-03    0.244152E-03    0.529570E-03    0.103137E-02    0.135302E-02    0.154335E-02    0.203184E-02    0.203279E-02    0.168504E-02    0.202022E-02    0.267171E-02    0.400240E-02    0.587095E-02    0.672725E-02    0.700431E-02    0.764761E-02    0.834795E-02    0.475926E-01   -0.182189E-01
   340    0.659228E-06    0.219779E-04    0.425785E-04    0.794012E-04    0.118788E-03    0.162834E-03    0.207858E-03    0.249701E-03    0.281738E-03    0.305938E-03    0.629353E-03    0.127357E-02    0.135182E-02    0.145144E-02    0.180459E-02    0.186616E-02    0.147252E-02    0.229943E-02    0.325936E-02    0.489706E-02    0.714988E-02    0.857201E-02    0.913499E-02    0.101637E-01    0.112549E-01    0.689024E-01   -0.133167E-01
   360    0.662505E-06    0.231945E-04    0.469679E-04    0.910007E-04    0.138252E-03    0.195314E-03    0.256625E-03    0.318567E-03    0.372442E-03    0.398323E-03    0.813865E-03    0.147912E-02    0.141557E-02    0.129218E-02    0.158677E-02    0.167006E-02    0.169215E-02    0.300064E-02    0.441887E-02    0.601065E-02    0.835128E-02    0.992495E-02    0.111302E-01    0.128106E-01    0.143600E-01    0.928681E-01   -0.491719E-02
   380    0.118373E-05    0.287391E-04    0.613919E-04    0.115413E-03    0.178331E-03    0.256293E-03    0.339373E-03    0.417763E-03    0.475475E-03    0.509912E-03    0.102571E-02    0.169362E-02    0.141022E-02    0.112019E-02    0.133746E-02    0.168994E-02    0.209283E-02    0.409944E-02    0.564691E-02    0.724649E-02    0.977540E-02    0.117892E-01    0.132385E-01    0.155181E-01    0.174515E-01    0.117231E+00    0.589769E-02
   400    0.135562E-05    0.372725E-04    0.853271E-04    0.147260E-03    0.228455E-03    0.327522E-03    0.426308E-03    0.514941E-03    0.593684E-03    0.634533E-03    0.129286E-02    0.189103E-02    0.149250E-02    0.851731E-03    0.122740E-02    0.174823E-02    0.284223E-02    0.519405E-02    0.724391E-02    0.898597E-02    0.110537E-01    0.132808E-01    0.155667E-01    0.185047E-01    0.212399E-01    0.140960E+00    0.193569E-01
   420    0.142737E-05    0.417641E-04    0.941197E-04    0.165805E-03    0.254292E-03    0.355825E-03    0.463012E-03    0.565041E-03    0.645680E-03    0.682555E-03    0.136505E-02    0.200039E-02    0.126091E-02    0.535010E-03    0.856163E-03    0.187110E-02    0.348435E-02    0.631839E-02    0.856257E-02    0.103540E-01    0.127321E-01    0.155257E-01    0.181456E-01    0.213228E-01    0.245143E-01    0.164091E+00    0.363179E-01
   440    0.177707E-05    0.459347E-04    0.102427E-03    0.170552E-03    0.256438E-03    0.358159E-03    0.467967E-03    0.568068E-03    0.639833E-03    0.675240E-03    0.135660E-02    0.199312E-02    0.110463E-02    0.202394E-03    0.700696E-03    0.205299E-02    0.406382E-02    0.717405E-02    0.992835E-02    0.120524E-01    0.145424E-01    0.178575E-01    0.213992E-01    0.249717E-01    0.283081E-01    0.186750E+00    0.559225E-01
   460    0.196030E-05    0.461519E-04    0.106105E-03    0.161713E-03    0.247857E-03    0.335711E-03    0.438399E-03    0.522833E-03    0.589311E-03    0.623394E-03    0.126051E-02    0.190931E-02    0.104397E-02    0.393484E-03    0.879863E-03    0.239335E-02    0.457730E-02    0.802366E-02    0.109712E-01    0.135934E-01    0.168277E-01    0.200257E-01    0.240017E-01    0.276620E-01    0.316307E-01    0.208513E+00    0.804895E-01
   480    0.138612E-05    0.325880E-04    0.814256E-04    0.122041E-03    0.185989E-03    0.258974E-03    0.331430E-03    0.394169E-03    0.445633E-03    0.476038E-03    0.954698E-03    0.145538E-02    0.818722E-03    0.573409E-03    0.145383E-02    0.271395E-02    0.509514E-02    0.866625E-02    0.118281E-01    0.153358E-01    0.188640E-01    0.228937E-01    0.269532E-01    0.306179E-01    0.343196E-01    0.230405E+00    0.102966E+00
   500    0.550279E-06    0.130955E-04    0.410049E-04    0.636483E-04    0.101091E-03    0.145105E-03    0.193661E-03    0.234496E-03    0.272468E-03    0.281722E-03    0.564504E-03    0.780257E-03    0.623666E-03    0.108813E-02    0.204434E-02    0.315557E-02    0.544093E-02    0.899723E-02    0.128384E-01    0.170887E-01    0.209976E-01    0.250066E-01    0.297349E-01    0.332123E-01    0.370843E-01    0.250497E+00    0.122837E+00
   520   -0.367416E-06   -0.772427E-05    0.602645E-05    0.124443E-05    0.166403E-04    0.409908E-04    0.729212E-04    0.984651E-04    0.119430E-03    0.116848E-03    0.226696E-03    0.179761E-03    0.643869E-03    0.179162E-02    0.288382E-02    0.395466E-02    0.625589E-02    0.959878E-02    0.137384E-01    0.188122E-01    0.227286E-01    0.273064E-01    0.320452E-01    0.351430E-01    0.389790E-01    0.266668E+00    0.138702E+00
   540   -0.144064E-05   -0.331746E-04   -0.443616E-04   -0.805460E-04   -0.861947E-04   -0.831229E-04   -0.791491E-04   -0.712949E-04   -0.628632E-04   -0.714976E-04   -0.158545E-03   -0.370990E-03    0.666207E-03    0.222833E-02    0.339504E-02    0.437558E-02    0.668922E-02    0.990370E-02    0.146516E-01    0.202822E-01    0.243916E-01    0.293202E-01    0.340712E-01    0.372490E-01    0.410926E-01    0.276776E+00    0.150358E+00
   560   -0.260227E-05   -0.609030E-04   -0.947491E-04   -0.158957E-03   -0.191681E-03   -0.213234E-03   -0.226944E-03   -0.232463E-03   -0.232078E-03   -0.238230E-03   -0.475084E-03   -0.634518E-03    0.754114E-03    0.248447E-02    0.360430E-02    0.507133E-02    0.756521E-02    0.105369E-01    0.153994E-01    0.213903E-01    0.255666E-01    0.303902E-01    0.359566E-01    0.386149E-01    0.424428E-01    0.280379E+00    0.162784E+00
   580   -0.392375E-05   -0.882299E-04   -0.147208E-03   -0.237184E-03   -0.295916E-03   -0.340462E-03   -0.370526E-03   -0.385541E-03   -0.389474E-03   -0.390219E-03   -0.760338E-03   -0.685425E-03    0.925339E-03    0.241578E-02    0.354963E-02    0.546934E-02    0.792516E-02    0.110457E-01    0.160616E-01    0.221015E-01    0.262471E-01    0.316581E-01    0.367527E-01    0.401767E-01    0.436525E-01    0.276519E+00    0.175535E+00
   600   -0.499921E-05   -0.111684E-03   -0.192551E-03   -0.304801E-03   -0.383453E-03   -0.445169E-03   -0.485725E-03   -0.509307E-03   -0.509346E-03   -0.502416E-03   -0.975602E-03   -0.635686E-03    0.102116E-02    0.232494E-02    0.337651E-02    0.567190E-02    0.835439E-02    0.112872E-01    0.163977E-01    0.219982E-01    0.263054E-01    0.315639E-01    0.371683E-01    0.405311E-01    0.441458E-01    0.271358E+00    0.185975E+00
   620   -0.571223E-05   -0.131304E-03   -0.229581E-03   -0.360155E-03   -0.453477E-03   -0.527072E-03   -0.574697E-03   -0.601128E-03   -0.604919E-03   -0.598469E-03   -0.117230E-02   -0.615742E-03    0.955787E-03    0.199235E-02    0.305441E-02    0.572556E-02    0.819840E-02    0.111955E-01    0.162438E-01    0.213029E-01    0.257339E-01    0.311805E-01    0.368748E-01    0.403460E-01    0.436790E-01    0.263098E+00    0.193969E+00
   640   -0.632749E-05   -0.149519E-03   -0.263673E-03   -0.409826E-03   -0.511147E-03   -0.588507E-03   -0.642716E-03   -0.673888E-03   -0.683059E-03   -0.692133E-03   -0.135973E-02   -0.829164E-03    0.675527E-03    0.157813E-02    0.272187E-02    0.532614E-02    0.759858E-02    0.106452E-01    0.156995E-01    0.203002E-01    0.243708E-01    0.299060E-01    0.354346E-01    0.390731E-01    0.425062E-01    0.246708E+00    0.199508E+00
   660   -0.741147E-05   -0.169004E-03   -0.296520E-03   -0.456660E-03   -0.570017E-03   -0.655174E-03   -0.715656E-03   -0.755747E-03   -0.779646E-03   -0.798439E-03   -0.161385E-02   -0.117877E-02    0.117496E-03    0.103983E-02    0.230574E-02    0.475311E-02    0.659088E-02    0.946613E-02    0.143234E-01    0.185667E-01    0.225841E-01    0.276678E-01    0.333415E-01    0.369334E-01    0.401271E-01    0.234150E+00    0.205331E+00
   680   -0.803263E-05   -0.190055E-03   -0.333360E-03   -0.514186E-03   -0.639611E-03   -0.738538E-03   -0.807510E-03   -0.862378E-03   -0.902745E-03   -0.935300E-03   -0.189624E-02   -0.179052E-02   -0.553330E-03    0.438202E-03    0.181443E-02    0.390270E-02    0.520566E-02    0.792592E-02    0.124106E-01    0.166241E-01    0.202580E-01    0.250428E-01    0.305384E-01    0.341894E-01    0.373463E-01    0.212583E+00    0.210952E+00
   700   -0.941326E-05   -0.215301E-03   -0.380814E-03   -0.583246E-03   -0.726724E-03   -0.844253E-03   -0.929504E-03   -0.100079E-02   -0.105325E-02   -0.110300E-02   -0.226519E-02   -0.247883E-02   -0.135585E-02   -0.239115E-03    0.103870E-02    0.259714E-02    0.345468E-02    0.570547E-02    0.100324E-01    0.138683E-01    0.174560E-01    0.218166E-01    0.272120E-01    0.307755E-01    0.338467E-01    0.194502E+00    0.211856E+00
   720   -0.106179E-04   -0.243865E-03   -0.430763E-03   -0.663161E-03   -0.831725E-03   -0.969476E-03   -0.107418E-02   -0.115727E-02   -0.122519E-02   -0.128974E-02   -0.265164E-02   -0.326233E-02   -0.215718E-02   -0.104667E-02   -0.250879E-05    0.110270E-02    0.162368E-02    0.333707E-02    0.700734E-02    0.111845E-01    0.144195E-01    0.185775E-01    0.235683E-01    0.272542E-01    0.303882E-01    0.180372E+00    0.213104E+00
   740   -0.116160E-04   -0.269387E-03   -0.477635E-03   -0.733654E-03   -0.920751E-03   -0.107339E-02   -0.119405E-02   -0.128790E-02   -0.136426E-02   -0.143370E-02   -0.296335E-02   -0.397859E-02   -0.296216E-02   -0.202727E-02   -0.137595E-02   -0.885002E-03   -0.499688E-03    0.835298E-03    0.411900E-02    0.807078E-02    0.115497E-01    0.155227E-01    0.201856E-01    0.240213E-01    0.271994E-01    0.166333E+00    0.208099E+00
   760   -0.127352E-04   -0.291099E-03   -0.512991E-03   -0.794752E-03   -0.991598E-03   -0.115241E-02   -0.127576E-02   -0.136453E-02   -0.143769E-02   -0.150204E-02   -0.309214E-02   -0.447406E-02   -0.347118E-02   -0.271669E-02   -0.234853E-02   -0.223302E-02   -0.193903E-02   -0.813302E-03    0.193395E-02    0.584565E-02    0.925558E-02    0.134183E-01    0.179166E-01    0.216524E-01    0.247430E-01    0.160103E+00    0.199268E+00
   780   -0.134016E-04   -0.302149E-03   -0.524319E-03   -0.814966E-03   -0.101763E-02   -0.116968E-02   -0.128332E-02   -0.136531E-02   -0.141964E-02   -0.147720E-02   -0.305659E-02   -0.482205E-02   -0.391347E-02   -0.347489E-02   -0.329976E-02   -0.350355E-02   -0.306251E-02   -0.202068E-02    0.708931E-03    0.430991E-02    0.786447E-02    0.120231E-01    0.166090E-01    0.203408E-01    0.235104E-01    0.154203E+00    0.185915E+00
   800   -0.132286E-04   -0.306706E-03   -0.522524E-03   -0.824544E-03   -0.101735E-02   -0.115751E-02   -0.125619E-02   -0.131325E-02   -0.135055E-02   -0.140421E-02   -0.291777E-02   -0.501994E-02   -0.419917E-02   -0.401645E-02   -0.411417E-02   -0.432845E-02   -0.385583E-02   -0.260730E-02   -0.805223E-04    0.345733E-02    0.717062E-02    0.113935E-01    0.160748E-01    0.200383E-01    0.231079E-01    0.150126E+00    0.167697E+00
   820   -0.134397E-04   -0.306380E-03   -0.512336E-03   -0.811607E-03   -0.999997E-03   -0.112441E-02   -0.120712E-02   -0.124630E-02   -0.126450E-02   -0.130621E-02   -0.273208E-02   -0.483811E-02   -0.406771E-02   -0.407130E-02   -0.465515E-02   -0.476401E-02   -0.427310E-02   -0.294111E-02   -0.239940E-03    0.305040E-02    0.663992E-02    0.108168E-01    0.157118E-01    0.197853E-01    0.231123E-01    0.141331E+00    0.149107E+00
   840   -0.129078E-04   -0.304381E-03   -0.499545E-03   -0.808565E-03   -0.990210E-03   -0.110311E-02   -0.117500E-02   -0.119988E-02   -0.121847E-02   -0.124029E-02   -0.256545E-02   -0.439027E-02   -0.372748E-02   -0.389800E-02   -0.473755E-02   -0.504917E-02   -0.463530E-02   -0.328120E-02   -0.592997E-03    0.260134E-02    0.617804E-02    0.100900E-01    0.148463E-01    0.193106E-01    0.228074E-01    0.131611E+00    0.128324E+00
   860   -0.132593E-04   -0.303145E-03   -0.495676E-03   -0.803924E-03   -0.976484E-03   -0.110330E-02   -0.118075E-02   -0.120155E-02   -0.120902E-02   -0.120363E-02   -0.246857E-02   -0.373105E-02   -0.284096E-02   -0.317754E-02   -0.440962E-02   -0.512197E-02   -0.494296E-02   -0.364439E-02   -0.921689E-03    0.183441E-02    0.518744E-02    0.900412E-02    0.135162E-01    0.180260E-01    0.219294E-01    0.117048E+00    0.104895E+00
   880   -0.130061E-04   -0.299971E-03   -0.489449E-03   -0.798933E-03   -0.990969E-03   -0.111721E-02   -0.120855E-02   -0.123381E-02   -0.124724E-02   -0.122983E-02   -0.238240E-02   -0.308332E-02   -0.228444E-02   -0.223962E-02   -0.370909E-02   -0.492340E-02   -0.506960E-02   -0.416384E-02   -0.174166E-02    0.103203E-02    0.397360E-02    0.745294E-02    0.116777E-01    0.162203E-01    0.201736E-01    0.102978E+00    0.853302E-01
   900   -0.122875E-04   -0.290636E-03   -0.473642E-03   -0.784294E-03   -0.974626E-03   -0.111559E-02   -0.120600E-02   -0.124528E-02   -0.123167E-02   -0.117576E-02   -0.228279E-02   -0.210520E-02   -0.104406E-02   -0.653272E-03   -0.210672E-02   -0.408415E-02   -0.504654E-02   -0.436259E-02   -0.252462E-02   -0.303850E-03    0.230868E-02    0.564570E-02    0.945955E-02    0.137679E-01    0.179892E-01    0.868287E-01    0.648375E-01
   920   -0.133381E-04   -0.285321E-03   -0.457867E-03   -0.776719E-03   -0.966123E-03   -0.111029E-02   -0.121125E-02   -0.124431E-02   -0.123043E-02   -0.119063E-02   -0.218061E-02   -0.159136E-02   -0.152568E-03    0.833988E-03   -0.515461E-03   -0.280929E-02   -0.464054E-02   -0.491794E-02   -0.339278E-02   -0.167805E-02    0.451074E-03    0.343404E-02    0.715181E-02    0.112055E-01    0.152739E-01    0.672018E-01    0.534164E-01
   940   -0.111203E-04   -0.274196E-03   -0.448087E-03   -0.756091E-03   -0.940855E-03   -0.109809E-02   -0.117867E-02   -0.122385E-02   -0.120078E-02   -0.114633E-02   -0.210672E-02   -0.132491E-02    0.427494E-03    0.175400E-02    0.122942E-02   -0.151510E-02   -0.399450E-02   -0.462897E-02   -0.433831E-02   -0.305972E-02   -0.118602E-02    0.161204E-02    0.466444E-02    0.859004E-02    0.125813E-01    0.500490E-01    0.491525E-01
   960   -0.105343E-04   -0.255028E-03   -0.409565E-03   -0.704715E-03   -0.875894E-03   -0.990861E-03   -0.108676E-02   -0.110442E-02   -0.108719E-02   -0.103485E-02   -0.185324E-02   -0.108778E-02    0.113672E-02    0.286081E-02    0.270710E-02    0.781897E-03   -0.243178E-02   -0.394135E-02   -0.403062E-02   -0.363845E-02   -0.245426E-02   -0.840646E-04    0.292602E-02    0.652112E-02    0.102648E-01    0.355662E-01    0.508871E-01
   980   -0.102109E-04   -0.235369E-03   -0.374988E-03   -0.625705E-03   -0.791120E-03   -0.919660E-03   -0.968939E-03   -0.983308E-03   -0.982486E-03   -0.932099E-03   -0.162774E-02   -0.840245E-03    0.121470E-02    0.331447E-02    0.383174E-02    0.253572E-02   -0.106362E-03   -0.210575E-02   -0.365455E-02   -0.380070E-02   -0.281539E-02   -0.119254E-02    0.123127E-02    0.476334E-02    0.843458E-02    0.238547E-01    0.589453E-01
  1000   -0.955481E-05   -0.213365E-03   -0.318066E-03   -0.584328E-03   -0.720890E-03   -0.804540E-03   -0.882071E-03   -0.888440E-03   -0.874712E-03   -0.831775E-03   -0.152059E-02   -0.712469E-03    0.154073E-02    0.326829E-02    0.451202E-02    0.457967E-02    0.205035E-02   -0.573860E-03   -0.199616E-02   -0.322404E-02   -0.332210E-02   -0.213498E-02    0.215919E-03    0.328694E-02    0.682013E-02    0.127245E-01    0.706169E-01
