     0               2              12              22              32              42              52              62              72              82              92             102             132             162             192             222             252             282             312             342             372             402             432             462             492             522             552             852
    20    0.173982E-04    0.367987E-03    0.673930E-03    0.947482E-03    0.116985E-02    0.132256E-02    0.144774E-02    0.152165E-02    0.158195E-02    0.159996E-02    0.330172E-02    0.481905E-02    0.415781E-02    0.275319E-02    0.122758E-02    0.214979E-03   -0.221790E-03   -0.227056E-03    0.302851E-05    0.238121E-03    0.390225E-03    0.453517E-03    0.394551E-03    0.196177E-03   -0.184654E-04   -0.550128E-03   -0.212751E-03
    40    0.168499E-04    0.347410E-03    0.626961E-03    0.877009E-03    0.108207E-02    0.123836E-02    0.137702E-02    0.146008E-02    0.155733E-02    0.161227E-02    0.333551E-02    0.498190E-02    0.403231E-02    0.242895E-02    0.978177E-03    0.723971E-04   -0.265694E-03   -0.213573E-03    0.234466E-04    0.252274E-03    0.413855E-03    0.478990E-03    0.380734E-03    0.148393E-03   -0.534864E-04   -0.583928E-03   -0.251554E-03
    60    0.165806E-04    0.338167E-03    0.609351E-03    0.861706E-03    0.107668E-02    0.124841E-02    0.142086E-02    0.154393E-02    0.168013E-02    0.176520E-02    0.366148E-02    0.519666E-02    0.376189E-02    0.206228E-02    0.730023E-03   -0.409121E-04   -0.278613E-03   -0.178423E-03    0.590554E-04    0.293555E-03    0.479442E-03    0.516560E-03    0.343429E-03    0.894010E-04   -0.872601E-04   -0.547712E-03   -0.226565E-03
    80    0.163928E-04    0.345115E-03    0.628125E-03    0.901964E-03    0.114816E-02    0.136615E-02    0.157963E-02    0.174904E-02    0.189955E-02    0.198857E-02    0.404024E-02    0.514303E-02    0.338635E-02    0.172345E-02    0.548611E-03   -0.954365E-04   -0.242766E-03   -0.120581E-03    0.110658E-03    0.364290E-03    0.562789E-03    0.527205E-03    0.293970E-03    0.391218E-04   -0.103075E-03   -0.378311E-03   -0.101967E-03
   100    0.180250E-04    0.370511E-03    0.696464E-03    0.101444E-02    0.130972E-02    0.157916E-02    0.182279E-02    0.201248E-02    0.213770E-02    0.218150E-02    0.429296E-02    0.494039E-02    0.304595E-02    0.150543E-02    0.478107E-03   -0.391884E-04   -0.135143E-03   -0.248168E-04    0.185382E-03    0.459982E-03    0.632477E-03    0.522439E-03    0.261387E-03    0.208375E-04   -0.769789E-04   -0.366483E-04    0.142116E-03
   120    0.198697E-04    0.419682E-03    0.807999E-03    0.118598E-02    0.153576E-02    0.184189E-02    0.208289E-02    0.223334E-02    0.229431E-02    0.226195E-02    0.431052E-02    0.465696E-02    0.281104E-02    0.145933E-02    0.587318E-03    0.165229E-03    0.648607E-04    0.110803E-03    0.293590E-03    0.568187E-03    0.671294E-03    0.521489E-03    0.268718E-03    0.610604E-04    0.149355E-04    0.583557E-03    0.473132E-03
   140    0.235730E-04    0.492919E-03    0.951894E-03    0.138873E-02    0.177683E-02    0.208344E-02    0.228077E-02    0.237979E-02    0.237214E-02    0.228106E-02    0.427001E-02    0.453845E-02    0.285265E-02    0.170845E-02    0.963262E-03    0.558238E-03    0.357891E-03    0.288256E-03    0.430120E-03    0.657505E-03    0.706911E-03    0.564178E-03    0.353849E-03    0.197395E-03    0.198984E-03    0.154402E-02    0.786094E-03
   160    0.256775E-04    0.559914E-03    0.107114E-02    0.153843E-02    0.191489E-02    0.217282E-02    0.230521E-02    0.234724E-02    0.227447E-02    0.215723E-02    0.395959E-02    0.424566E-02    0.298734E-02    0.220600E-02    0.163204E-02    0.117003E-02    0.775662E-03    0.526071E-03    0.578459E-03    0.708052E-03    0.722154E-03    0.645023E-03    0.534620E-03    0.462979E-03    0.512112E-03    0.303909E-02    0.113050E-02
   180    0.279993E-04    0.593068E-03    0.110281E-02    0.154920E-02    0.187481E-02    0.207849E-02    0.215232E-02    0.214761E-02    0.204361E-02    0.190926E-02    0.348910E-02    0.394099E-02    0.331281E-02    0.303571E-02    0.264055E-02    0.202015E-02    0.128393E-02    0.813152E-03    0.701420E-03    0.712207E-03    0.746252E-03    0.798526E-03    0.851011E-03    0.910891E-03    0.994687E-03    0.510988E-02    0.151058E-02
   200    0.266741E-04    0.564637E-03    0.102540E-02    0.142468E-02    0.167873E-02    0.181895E-02    0.186436E-02    0.181523E-02    0.171624E-02    0.159534E-02    0.292919E-02    0.369688E-02    0.389770E-02    0.426326E-02    0.403571E-02    0.311155E-02    0.193607E-02    0.115553E-02    0.810873E-03    0.702822E-03    0.811943E-03    0.107044E-02    0.139125E-02    0.164445E-02    0.173864E-02    0.829013E-02    0.191579E-02
   220    0.204880E-04    0.460467E-03    0.797476E-03    0.107909E-02    0.121123E-02    0.126106E-02    0.124535E-02    0.117078E-02    0.107405E-02    0.993692E-03    0.188232E-02    0.319927E-02    0.470954E-02    0.584932E-02    0.573627E-02    0.434023E-02    0.269445E-02    0.155813E-02    0.920407E-03    0.707123E-03    0.970330E-03    0.155706E-02    0.225355E-02    0.271494E-02    0.271740E-02    0.115318E-01    0.289882E-02
   240    0.145154E-04    0.290668E-03    0.468552E-03    0.589089E-03    0.618868E-03    0.595316E-03    0.527556E-03    0.442158E-03    0.398772E-03    0.395958E-03    0.937020E-03    0.312396E-02    0.598270E-02    0.787036E-02    0.758428E-02    0.570914E-02    0.365254E-02    0.212447E-02    0.119226E-02    0.908619E-03    0.144302E-02    0.248947E-02    0.362053E-02    0.423842E-02    0.392969E-02    0.152059E-01    0.494369E-02
   260    0.292940E-05    0.455739E-04    0.102118E-04   -0.347767E-04   -0.152306E-03   -0.247269E-03   -0.364839E-03   -0.400344E-03   -0.375221E-03   -0.261213E-03   -0.126648E-05    0.333576E-02    0.749376E-02    0.961229E-02    0.912497E-02    0.706317E-02    0.480295E-02    0.296714E-02    0.182600E-02    0.163909E-02    0.255406E-02    0.405888E-02    0.554530E-02    0.595108E-02    0.502482E-02    0.184827E-01    0.839652E-02
   280   -0.994481E-05   -0.227013E-03   -0.524778E-03   -0.741578E-03   -0.980394E-03   -0.114819E-02   -0.121182E-02   -0.116497E-02   -0.975481E-03   -0.694462E-03   -0.473606E-03    0.410245E-02    0.867575E-02    0.105316E-01    0.988545E-02    0.807133E-02    0.596383E-02    0.423657E-02    0.325325E-02    0.342362E-02    0.475009E-02    0.647523E-02    0.777163E-02    0.737649E-02    0.565004E-02    0.217195E-01    0.141399E-01
   300   -0.197102E-04   -0.436306E-03   -0.827325E-03   -0.118083E-02   -0.141825E-02   -0.149970E-02   -0.147201E-02   -0.127530E-02   -0.102987E-02   -0.574280E-03   -0.839375E-04    0.496675E-02    0.907609E-02    0.106422E-01    0.100667E-01    0.861715E-02    0.713053E-02    0.612871E-02    0.599354E-02    0.673718E-02    0.807290E-02    0.933185E-02    0.952348E-02    0.793147E-02    0.597023E-02    0.246295E-01    0.204150E-01
   320   -0.156575E-04   -0.381994E-03   -0.648119E-03   -0.864344E-03   -0.972107E-03   -0.909678E-03   -0.791097E-03   -0.443592E-03   -0.122664E-03    0.367928E-03    0.180282E-02    0.665429E-02    0.101603E-01    0.108251E-01    0.925395E-02    0.787103E-02    0.758615E-02    0.839233E-02    0.972300E-02    0.108709E-01    0.115944E-01    0.114465E-01    0.998711E-02    0.794240E-02    0.617022E-02    0.240258E-01    0.252212E-01
   340    0.172932E-05   -0.118616E-04    0.441333E-04    0.155648E-03    0.288021E-03    0.552279E-03    0.863414E-03    0.126300E-02    0.166640E-02    0.212872E-02    0.526772E-02    0.113772E-01    0.129297E-01    0.110310E-01    0.757706E-02    0.631751E-02    0.760482E-02    0.103694E-01    0.131278E-01    0.143985E-01    0.140428E-01    0.124499E-01    0.102775E-01    0.814190E-02    0.592890E-02    0.213334E-01    0.303773E-01
   360    0.230599E-04    0.462432E-03    0.925362E-03    0.138904E-02    0.187301E-02    0.237984E-02    0.290004E-02    0.341372E-02    0.393086E-02    0.443463E-02    0.981105E-02    0.170877E-01    0.151740E-01    0.102595E-01    0.612911E-02    0.503955E-02    0.741519E-02    0.111360E-01    0.139840E-01    0.144690E-01    0.131727E-01    0.112279E-01    0.947037E-02    0.741739E-02    0.499193E-02    0.171070E-01    0.244950E-01
   380    0.373335E-04    0.783895E-03    0.152192E-02    0.221077E-02    0.293909E-02    0.362332E-02    0.434081E-02    0.504146E-02    0.570211E-02    0.626779E-02    0.133988E-01    0.201511E-01    0.153940E-01    0.956991E-02    0.544410E-02    0.487740E-02    0.754180E-02    0.108517E-01    0.129216E-01    0.126194E-01    0.112630E-01    0.102112E-01    0.875139E-02    0.644194E-02    0.406842E-02    0.141990E-01    0.197474E-01
   400    0.442146E-04    0.942123E-03    0.181851E-02    0.267919E-02    0.352495E-02    0.440315E-02    0.523812E-02    0.600923E-02    0.664934E-02    0.705105E-02    0.145143E-01    0.195777E-01    0.140719E-01    0.924175E-02    0.605236E-02    0.611234E-02    0.835392E-02    0.105216E-01    0.112627E-01    0.105880E-01    0.100279E-01    0.951551E-02    0.787128E-02    0.554005E-02    0.367400E-02    0.137543E-01    0.174198E-01
   420    0.466259E-04    0.100428E-02    0.192373E-02    0.288720E-02    0.381695E-02    0.471265E-02    0.549691E-02    0.605836E-02    0.641523E-02    0.653279E-02    0.130186E-01    0.164788E-01    0.124264E-01    0.939285E-02    0.782694E-02    0.819491E-02    0.954243E-02    0.101864E-01    0.962487E-02    0.903807E-02    0.920756E-02    0.864413E-02    0.704714E-02    0.529549E-02    0.388469E-02    0.161214E-01    0.156075E-01
   440    0.422068E-04    0.996618E-03    0.192093E-02    0.284235E-02    0.370364E-02    0.436551E-02    0.486840E-02    0.509562E-02    0.512744E-02    0.502051E-02    0.968750E-02    0.121894E-01    0.106811E-01    0.981832E-02    0.100134E-01    0.105304E-01    0.107909E-01    0.977753E-02    0.837206E-02    0.820851E-02    0.850537E-02    0.781121E-02    0.666617E-02    0.553803E-02    0.452388E-02    0.204076E-01    0.146155E-01
   460    0.389611E-04    0.898641E-03    0.170901E-02    0.243075E-02    0.302611E-02    0.334728E-02    0.349019E-02    0.348471E-02    0.332744E-02    0.314990E-02    0.591326E-02    0.794753E-02    0.901557E-02    0.107820E-01    0.125854E-01    0.131240E-01    0.120437E-01    0.946968E-02    0.773107E-02    0.772673E-02    0.770512E-02    0.721627E-02    0.677052E-02    0.633750E-02    0.561647E-02    0.264978E-01    0.128346E-01
   480    0.278835E-04    0.660221E-03    0.118210E-02    0.159553E-02    0.178250E-02    0.182172E-02    0.166260E-02    0.148964E-02    0.123264E-02    0.100913E-02    0.175663E-02    0.360660E-02    0.751083E-02    0.121833E-01    0.153541E-01    0.157703E-01    0.129189E-01    0.897622E-02    0.727975E-02    0.704710E-02    0.682582E-02    0.677937E-02    0.706752E-02    0.723079E-02    0.688002E-02    0.341832E-01    0.108888E-01
   500    0.121126E-04    0.288705E-03    0.407176E-03    0.472850E-03    0.327582E-03    0.945267E-04   -0.238845E-03   -0.551805E-03   -0.794103E-03   -0.955461E-03   -0.187812E-02    0.849647E-03    0.759906E-02    0.148169E-01    0.185430E-01    0.178498E-01    0.131125E-01    0.865739E-02    0.703407E-02    0.638209E-02    0.606797E-02    0.662712E-02    0.760199E-02    0.826830E-02    0.843795E-02    0.434069E-01    0.109779E-01
   520   -0.871571E-05   -0.937309E-04   -0.304715E-03   -0.567375E-03   -0.901081E-03   -0.128753E-02   -0.162787E-02   -0.191050E-02   -0.207249E-02   -0.204215E-02   -0.376102E-02    0.825727E-03    0.104061E-01    0.190856E-01    0.227309E-01    0.199763E-01    0.134940E-01    0.891942E-02    0.696444E-02    0.584780E-02    0.558284E-02    0.666661E-02    0.817311E-02    0.949397E-02    0.102470E-01    0.546368E-01    0.825527E-02
   540   -0.223776E-04   -0.434326E-03   -0.924880E-03   -0.137627E-02   -0.186285E-02   -0.224039E-02   -0.249601E-02   -0.260030E-02   -0.260922E-02   -0.221869E-02   -0.366051E-02    0.357283E-02    0.148630E-01    0.232521E-01    0.249842E-01    0.196604E-01    0.129997E-01    0.893136E-02    0.662620E-02    0.512072E-02    0.506317E-02    0.646555E-02    0.854312E-02    0.105752E-01    0.120943E-01    0.676736E-01    0.348979E-02
   560   -0.305861E-04   -0.555744E-03   -0.108311E-02   -0.147649E-02   -0.180557E-02   -0.195328E-02   -0.196779E-02   -0.174160E-02   -0.149273E-02   -0.772586E-03   -0.400513E-03    0.950508E-02    0.201233E-01    0.260167E-01    0.250499E-01    0.188967E-01    0.133355E-01    0.938687E-02    0.647505E-02    0.487769E-02    0.487174E-02    0.622569E-02    0.879636E-02    0.115627E-01    0.139437E-01    0.799171E-01   -0.160443E-02
   580   -0.227360E-04   -0.386696E-03   -0.713436E-03   -0.872893E-03   -0.955657E-03   -0.781120E-03   -0.503355E-03    0.202996E-04    0.485494E-03    0.140734E-02    0.431791E-02    0.157901E-01    0.248621E-01    0.272693E-01    0.239370E-01    0.181808E-01    0.135344E-01    0.936128E-02    0.635652E-02    0.478787E-02    0.471085E-02    0.599059E-02    0.864980E-02    0.119601E-01    0.149205E-01    0.895325E-01   -0.120426E-01
   600   -0.354320E-05    0.428294E-04    0.109490E-03    0.282685E-03    0.526722E-03    0.869452E-03    0.124957E-02    0.183953E-02    0.231986E-02    0.307611E-02    0.768305E-02    0.176822E-01    0.219595E-01    0.227913E-01    0.205388E-01    0.168104E-01    0.125827E-01    0.861074E-02    0.612586E-02    0.475425E-02    0.477924E-02    0.586795E-02    0.813002E-02    0.112248E-01    0.142810E-01    0.876335E-01   -0.225679E-01
   620    0.170103E-04    0.444420E-03    0.929938E-03    0.116332E-02    0.156434E-02    0.183135E-02    0.211878E-02    0.244661E-02    0.284113E-02    0.315955E-02    0.759121E-02    0.154522E-01    0.185607E-01    0.211683E-01    0.200413E-01    0.158812E-01    0.108964E-01    0.727802E-02    0.579543E-02    0.504812E-02    0.525706E-02    0.583459E-02    0.716572E-02    0.947990E-02    0.121106E-01    0.786673E-01   -0.188573E-01
   640    0.241528E-04    0.514767E-03    0.101969E-02    0.105445E-02    0.134169E-02    0.121874E-02    0.137067E-02    0.147658E-02    0.179909E-02    0.209160E-02    0.560405E-02    0.130865E-01    0.190198E-01    0.218018E-01    0.182997E-01    0.125962E-01    0.809917E-02    0.557142E-02    0.524914E-02    0.528486E-02    0.540189E-02    0.548337E-02    0.584130E-02    0.695795E-02    0.912304E-02    0.644704E-01   -0.175241E-01
   660    0.139527E-04    0.269810E-03    0.565684E-03    0.224227E-03    0.293116E-03    0.109331E-03    0.131829E-03    0.319824E-03    0.869646E-03    0.157417E-02    0.515716E-02    0.170845E-01    0.228388E-01    0.209567E-01    0.145064E-01    0.888424E-02    0.553034E-02    0.409519E-02    0.482418E-02    0.555016E-02    0.536127E-02    0.474798E-02    0.424127E-02    0.474427E-02    0.664676E-02    0.532324E-01   -0.129526E-01
   680   -0.401146E-05   -0.931693E-04   -0.119557E-03   -0.558899E-03   -0.747867E-03   -0.782739E-03   -0.565636E-03    0.656542E-04    0.122148E-02    0.255599E-02    0.813555E-02    0.238211E-01    0.238108E-01    0.175577E-01    0.102409E-01    0.527350E-02    0.341137E-02    0.343157E-02    0.461805E-02    0.555693E-02    0.491117E-02    0.355577E-02    0.267009E-02    0.301853E-02    0.500560E-02    0.449212E-01    0.107177E-01
   700   -0.141733E-04   -0.320952E-03   -0.652080E-03   -0.100677E-02   -0.107210E-02   -0.611481E-03    0.291330E-03    0.163946E-02    0.335689E-02    0.529554E-02    0.134542E-01    0.267174E-01    0.206869E-01    0.137756E-01    0.714738E-02    0.367952E-02    0.325640E-02    0.350323E-02    0.536112E-02    0.577216E-02    0.452183E-02    0.234818E-02    0.145186E-02    0.209878E-02    0.416237E-02    0.380436E-01    0.241867E-01
   720   -0.174568E-04   -0.387729E-03   -0.717588E-03   -0.646782E-03   -0.160418E-03    0.103471E-02    0.267288E-02    0.446606E-02    0.633976E-02    0.782292E-02    0.167131E-01    0.238525E-01    0.166761E-01    0.105592E-01    0.571303E-02    0.340212E-02    0.359354E-02    0.487307E-02    0.611648E-02    0.596512E-02    0.392477E-02    0.153174E-02    0.768781E-03    0.194206E-02    0.361595E-02    0.307094E-01    0.403839E-01
   740   -0.796273E-05   -0.231728E-03   -0.312055E-03    0.476579E-03    0.148637E-02    0.336756E-02    0.520497E-02    0.670519E-02    0.750291E-02    0.789644E-02    0.145258E-01    0.188656E-01    0.129261E-01    0.845255E-02    0.542377E-02    0.474771E-02    0.515764E-02    0.705028E-02    0.742885E-02    0.625587E-02    0.355562E-02    0.105492E-02    0.721244E-03    0.164461E-02    0.259921E-02    0.186950E-01    0.826538E-01
   760    0.121179E-04    0.253379E-03    0.655734E-03    0.206773E-02    0.326821E-02    0.497845E-02    0.620966E-02    0.667142E-02    0.633141E-02    0.599003E-02    0.102469E-01    0.146535E-01    0.116509E-01    0.855654E-02    0.669059E-02    0.581614E-02    0.765996E-02    0.921419E-02    0.901373E-02    0.701847E-02    0.381899E-02    0.127247E-02    0.785018E-03    0.986580E-03    0.135588E-02    0.136376E-01    0.975832E-01
   780    0.312322E-04    0.716763E-03    0.143896E-02    0.293789E-02    0.382344E-02    0.459956E-02    0.480895E-02    0.428914E-02    0.394405E-02    0.367873E-02    0.688930E-02    0.940330E-02    0.998412E-02    0.831122E-02    0.754278E-02    0.758977E-02    0.983680E-02    0.114797E-01    0.102371E-01    0.803256E-02    0.478175E-02    0.227419E-02    0.110245E-02    0.511733E-03    0.215477E-03    0.592638E-02    0.122740E+00
   800    0.312130E-04    0.654598E-03    0.126562E-02    0.211904E-02    0.269948E-02    0.259226E-02    0.277192E-02    0.261861E-02    0.224001E-02    0.213014E-02    0.383271E-02    0.673158E-02    0.813073E-02    0.789572E-02    0.770455E-02    0.870879E-02    0.112000E-01    0.131361E-01    0.118158E-01    0.910647E-02    0.624933E-02    0.389447E-02    0.235871E-02    0.754202E-03    0.192362E-03    0.383631E-04    0.136268E+00
   820    0.133514E-04    0.289159E-03    0.527964E-03    0.522254E-03    0.522735E-03    0.247123E-03    0.245771E-03    0.327037E-03    0.197958E-03    0.542354E-03    0.143180E-02    0.536269E-02    0.676127E-02    0.760552E-02    0.793709E-02    0.925031E-02    0.122107E-01    0.136690E-01    0.126479E-01    0.958319E-02    0.772917E-02    0.580458E-02    0.399025E-02    0.244351E-02    0.140026E-02    0.664004E-02    0.156451E+00
   840   -0.883965E-05   -0.110537E-03   -0.203661E-03   -0.489736E-03   -0.712116E-03   -0.785691E-03   -0.684059E-03   -0.532345E-03   -0.111767E-03    0.514804E-03    0.208909E-02    0.729891E-02    0.761628E-02    0.810622E-02    0.829623E-02    0.941365E-02    0.123767E-01    0.128167E-01    0.119405E-01    0.971003E-02    0.853175E-02    0.761867E-02    0.634297E-02    0.457041E-02    0.289716E-02    0.120631E-01    0.148577E+00
   860   -0.164902E-04   -0.292284E-03   -0.603468E-03   -0.807320E-03   -0.100879E-02   -0.933312E-03   -0.653587E-03   -0.297250E-03    0.470675E-03    0.125895E-02    0.404111E-02    0.942398E-02    0.913542E-02    0.870530E-02    0.847027E-02    0.957204E-02    0.111579E-01    0.111517E-01    0.100088E-01    0.935414E-02    0.956715E-02    0.871978E-02    0.779248E-02    0.626537E-02    0.373914E-02    0.130139E-01    0.131527E+00
   880   -0.126434E-04   -0.201835E-03   -0.392362E-03   -0.363263E-03   -0.428018E-03   -0.213009E-03    0.300235E-03    0.895914E-03    0.174575E-02    0.249251E-02    0.645257E-02    0.122423E-01    0.112286E-01    0.909308E-02    0.728860E-02    0.831254E-02    0.956276E-02    0.799092E-02    0.828655E-02    0.812704E-02    0.917732E-02    0.969441E-02    0.899719E-02    0.706501E-02    0.382261E-02    0.904428E-02    0.956473E-01
   900   -0.499090E-05    0.467415E-04    0.567553E-04    0.191781E-03    0.414714E-03    0.850765E-03    0.141619E-02    0.214343E-02    0.282720E-02    0.344440E-02    0.802636E-02    0.139193E-01    0.125798E-01    0.785838E-02    0.458620E-02    0.485257E-02    0.640378E-02    0.507066E-02    0.602191E-02    0.724679E-02    0.812461E-02    0.925677E-02    0.855045E-02    0.641338E-02    0.288429E-02    0.327681E-02    0.719538E-01
   920    0.428041E-05    0.236089E-03    0.468905E-03    0.836508E-03    0.131416E-02    0.182786E-02    0.236472E-02    0.297256E-02    0.350418E-02    0.394433E-02    0.825423E-02    0.135654E-01    0.102295E-01    0.368261E-02   -0.133371E-04    0.376137E-03    0.186266E-02    0.263648E-02    0.457471E-02    0.539945E-02    0.669094E-02    0.776408E-02    0.697237E-02    0.493654E-02    0.129002E-02   -0.274440E-02    0.362222E-01
   940    0.120919E-04    0.398391E-03    0.823220E-03    0.128047E-02    0.192308E-02    0.245891E-02    0.303084E-02    0.348601E-02    0.369182E-02    0.382456E-02    0.748934E-02    0.105598E-01    0.563563E-02   -0.205382E-02   -0.500490E-02   -0.417863E-02   -0.170998E-02    0.649673E-03    0.362607E-02    0.488736E-02    0.559696E-02    0.620442E-02    0.508070E-02    0.275866E-02   -0.130308E-03   -0.667928E-02    0.194253E-01
   960    0.185460E-04    0.530509E-03    0.108774E-02    0.170010E-02    0.243442E-02    0.308795E-02    0.352657E-02    0.382962E-02    0.387204E-02    0.378379E-02    0.706300E-02    0.692331E-02   -0.664620E-03   -0.772503E-02   -0.942309E-02   -0.793557E-02   -0.416971E-02    0.113458E-03    0.367217E-02    0.499416E-02    0.539316E-02    0.536440E-02    0.382128E-02    0.162381E-02   -0.647968E-03   -0.585790E-02    0.998849E-02
   980    0.202584E-04    0.646576E-03    0.132440E-02    0.207957E-02    0.270476E-02    0.321411E-02    0.357412E-02    0.385461E-02    0.375517E-02    0.361460E-02    0.614029E-02    0.380034E-02   -0.471717E-02   -0.106839E-01   -0.116305E-01   -0.104398E-01   -0.538958E-02   -0.216196E-03    0.437011E-02    0.595161E-02    0.617981E-02    0.587437E-02    0.371112E-02    0.113442E-02   -0.436570E-03   -0.449487E-02    0.427301E-02
  1000    0.336342E-04    0.751922E-03    0.138241E-02    0.217433E-02    0.282740E-02    0.332556E-02    0.361448E-02    0.385517E-02    0.373306E-02    0.368473E-02    0.665494E-02    0.400185E-02   -0.385647E-02   -0.805540E-02   -0.852490E-02   -0.793872E-02   -0.314214E-02    0.269410E-02    0.638413E-02    0.790590E-02    0.852029E-02    0.758288E-02    0.534425E-02    0.280223E-02    0.125883E-02    0.504576E-02    0.288876E-01
