     0               2              12              22              32              42              52              62              72              82              92             102             132             162             192             222             252             282             312             342             372             402             432             462             492             522             552             852
    20    0.378550E-04    0.862200E-03    0.164417E-02    0.230268E-02    0.283370E-02    0.313247E-02    0.319708E-02    0.296545E-02    0.245200E-02    0.166486E-02    0.135376E-02   -0.986414E-02   -0.214019E-01   -0.278381E-01   -0.255801E-01   -0.120275E-01    0.102376E-01    0.347028E-01    0.505231E-01    0.545332E-01    0.506610E-01    0.432750E-01    0.356562E-01    0.328015E-01    0.344677E-01    0.214167E+00   -0.286224E-01
    40    0.339295E-04    0.774331E-03    0.147233E-02    0.207398E-02    0.254157E-02    0.280460E-02    0.286352E-02    0.264665E-02    0.222589E-02    0.157000E-02    0.142949E-02   -0.727959E-02   -0.162004E-01   -0.203793E-01   -0.161228E-01   -0.184875E-02    0.195639E-01    0.413095E-01    0.546838E-01    0.577810E-01    0.536924E-01    0.469849E-01    0.406626E-01    0.382020E-01    0.397378E-01    0.240285E+00    0.265872E-01
    60    0.306597E-04    0.703760E-03    0.134198E-02    0.189637E-02    0.235687E-02    0.261484E-02    0.271795E-02    0.262511E-02    0.235874E-02    0.193134E-02    0.273836E-02   -0.199988E-02   -0.734626E-02   -0.843547E-02   -0.169317E-02    0.131796E-01    0.322867E-01    0.499473E-01    0.590285E-01    0.626418E-01    0.600502E-01    0.548389E-01    0.504637E-01    0.485318E-01    0.496841E-01    0.288446E+00    0.922318E-01
    80    0.292558E-04    0.676173E-03    0.130146E-02    0.186453E-02    0.236767E-02    0.271168E-02    0.296081E-02    0.307198E-02    0.308492E-02    0.300781E-02    0.573489E-02    0.671520E-02    0.588373E-02    0.884300E-02    0.179735E-01    0.319170E-01    0.466260E-01    0.586764E-01    0.644066E-01    0.691372E-01    0.688290E-01    0.653385E-01    0.631535E-01    0.622333E-01    0.629020E-01    0.353144E+00    0.157920E+00
   100    0.315779E-04    0.732725E-03    0.142915E-02    0.209610E-02    0.272108E-02    0.326069E-02    0.373258E-02    0.416708E-02    0.454317E-02    0.496577E-02    0.106362E-01    0.192012E-01    0.234809E-01    0.305292E-01    0.412362E-01    0.523017E-01    0.611726E-01    0.670171E-01    0.706790E-01    0.773946E-01    0.798998E-01    0.781309E-01    0.774463E-01    0.774700E-01    0.779471E-01    0.427390E+00    0.225701E+00
   120    0.394933E-04    0.916839E-03    0.180477E-02    0.268996E-02    0.355842E-02    0.439623E-02    0.521824E-02    0.602048E-02    0.688193E-02    0.783509E-02    0.175954E-01    0.350200E-01    0.441177E-01    0.547319E-01    0.656400E-01    0.728269E-01    0.744472E-01    0.751854E-01    0.793967E-01    0.878073E-01    0.926155E-01    0.923547E-01    0.923338E-01    0.930058E-01    0.935107E-01    0.506684E+00    0.288923E+00
   140    0.542383E-04    0.125502E-02    0.247611E-02    0.371064E-02    0.493840E-02    0.619091E-02    0.741271E-02    0.869064E-02    0.100411E-01    0.115231E-01    0.261427E-01    0.528433E-01    0.659277E-01    0.790379E-01    0.884664E-01    0.911792E-01    0.877000E-01    0.848882E-01    0.907896E-01    0.100682E+00    0.106178E+00    0.107141E+00    0.107187E+00    0.107932E+00    0.108434E+00    0.585754E+00    0.353820E+00
   160    0.756676E-04    0.173947E-02    0.341903E-02    0.511238E-02    0.678944E-02    0.851023E-02    0.101933E-01    0.119350E-01    0.137644E-01    0.157457E-01    0.354099E-01    0.704230E-01    0.860926E-01    0.100188E+00    0.107223E+00    0.106063E+00    0.985367E-01    0.960111E-01    0.102777E+00    0.113294E+00    0.118978E+00    0.120001E+00    0.119986E+00    0.120396E+00    0.120861E+00    0.652359E+00    0.415632E+00
   180    0.998228E-04    0.228611E-02    0.446268E-02    0.663742E-02    0.874821E-02    0.109144E-01    0.129446E-01    0.151120E-01    0.172610E-01    0.195587E-01    0.435621E-01    0.846789E-01    0.101249E+00    0.115041E+00    0.119586E+00    0.115512E+00    0.107059E+00    0.104183E+00    0.112804E+00    0.122696E+00    0.127758E+00    0.128918E+00    0.129632E+00    0.129803E+00    0.129409E+00    0.695885E+00    0.457156E+00
   200    0.120640E-03    0.275387E-02    0.532882E-02    0.788562E-02    0.103148E-01    0.127757E-01    0.149905E-01    0.173231E-01    0.196133E-01    0.218715E-01    0.484780E-01    0.919360E-01    0.108803E+00    0.121488E+00    0.123625E+00    0.116270E+00    0.108589E+00    0.108258E+00    0.115979E+00    0.125411E+00    0.129703E+00    0.131881E+00    0.132890E+00    0.133315E+00    0.131791E+00    0.703424E+00    0.453405E+00
   220    0.129175E-03    0.293111E-02    0.562627E-02    0.827499E-02    0.107445E-01    0.132014E-01    0.153103E-01    0.174751E-01    0.196220E-01    0.217076E-01    0.479390E-01    0.900855E-01    0.107335E+00    0.118477E+00    0.116723E+00    0.107799E+00    0.996532E-01    0.100374E+00    0.108284E+00    0.116429E+00    0.120239E+00    0.124901E+00    0.128788E+00    0.128192E+00    0.125690E+00    0.663535E+00    0.419967E+00
   240    0.118310E-03    0.266285E-02    0.505407E-02    0.740568E-02    0.953639E-02    0.115549E-01    0.132823E-01    0.150351E-01    0.168639E-01    0.185600E-01    0.416033E-01    0.793657E-01    0.962058E-01    0.105018E+00    0.981165E-01    0.851910E-01    0.780368E-01    0.804982E-01    0.861762E-01    0.935261E-01    0.972965E-01    0.104766E+00    0.111222E+00    0.110762E+00    0.106910E+00    0.560577E+00    0.335135E+00
   260    0.854911E-04    0.192061E-02    0.358557E-02    0.522885E-02    0.669823E-02    0.805093E-02    0.924268E-02    0.104695E-01    0.118512E-01    0.133293E-01    0.308209E-01    0.626787E-01    0.782370E-01    0.816622E-01    0.691757E-01    0.520340E-01    0.445399E-01    0.502778E-01    0.531076E-01    0.569095E-01    0.612209E-01    0.725741E-01    0.814809E-01    0.830142E-01    0.788907E-01    0.408228E+00    0.211328E+00
   280    0.417981E-04    0.930194E-03    0.169837E-02    0.248317E-02    0.321244E-02    0.393201E-02    0.461429E-02    0.553242E-02    0.664080E-02    0.812974E-02    0.206438E-01    0.470514E-01    0.582572E-01    0.550185E-01    0.377871E-01    0.192863E-01    0.111467E-01    0.188310E-01    0.190248E-01    0.168645E-01    0.218646E-01    0.380034E-01    0.497786E-01    0.515266E-01    0.496682E-01    0.262226E+00    0.910850E-01
   300    0.267762E-05    0.447092E-04    0.812589E-04    0.177125E-03    0.360367E-03    0.765545E-03    0.133021E-02    0.230203E-02    0.350068E-02    0.523727E-02    0.150538E-01    0.371616E-01    0.423002E-01    0.316955E-01    0.126674E-01   -0.606636E-02   -0.160242E-01   -0.671519E-02   -0.118461E-01   -0.186636E-01   -0.119982E-01    0.619908E-02    0.211940E-01    0.265826E-01    0.269153E-01    0.166438E+00   -0.246911E-02
   320   -0.187838E-04   -0.430040E-03   -0.717704E-03   -0.887565E-03   -0.791789E-03   -0.267450E-03    0.655296E-03    0.207018E-02    0.369908E-02    0.591824E-02    0.164396E-01    0.392022E-01    0.372728E-01    0.210806E-01    0.296033E-02   -0.155888E-01   -0.258085E-01   -0.236646E-01   -0.286186E-01   -0.379323E-01   -0.280575E-01   -0.697727E-02    0.997122E-02    0.187706E-01    0.225924E-01    0.176057E+00   -0.656418E-01
   340   -0.181937E-04   -0.401888E-03   -0.571007E-03   -0.528161E-03   -0.565447E-04    0.100148E-02    0.268594E-02    0.484804E-02    0.710994E-02    0.988666E-02    0.250726E-01    0.519392E-01    0.457292E-01    0.267008E-01    0.800212E-02   -0.921507E-02   -0.245331E-01   -0.303276E-01   -0.322641E-01   -0.361182E-01   -0.232918E-01   -0.252056E-04    0.181116E-01    0.318557E-01    0.372873E-01    0.287239E+00   -0.129425E+00
   360   -0.136097E-05    0.706503E-05    0.279322E-03    0.849730E-03    0.198566E-02    0.383616E-02    0.649059E-02    0.950654E-02    0.125921E-01    0.160145E-01    0.383631E-01    0.732560E-01    0.667599E-01    0.470350E-01    0.280887E-01    0.882662E-02   -0.126173E-01   -0.199755E-01   -0.223212E-01   -0.136391E-01    0.802220E-02    0.326994E-01    0.532782E-01    0.684201E-01    0.765217E-01    0.517514E+00   -0.744941E-01
   380    0.269348E-04    0.667131E-03    0.158606E-02    0.289552E-02    0.486096E-02    0.758259E-02    0.111517E-01    0.150800E-01    0.189832E-01    0.231232E-01    0.537090E-01    0.991546E-01    0.945672E-01    0.755419E-01    0.549130E-01    0.321144E-01    0.957688E-02   -0.341197E-02    0.365125E-02    0.253139E-01    0.537076E-01    0.808628E-01    0.100947E+00    0.117016E+00    0.126811E+00    0.799620E+00    0.160044E-02
   400    0.592375E-04    0.141234E-02    0.300947E-02    0.511611E-02    0.785802E-02    0.113874E-01    0.157365E-01    0.204124E-01    0.250228E-01    0.296908E-01    0.679292E-01    0.123889E+00    0.124409E+00    0.107608E+00    0.842373E-01    0.586144E-01    0.363429E-01    0.273358E-01    0.352748E-01    0.682601E-01    0.102914E+00    0.134708E+00    0.151053E+00    0.167352E+00    0.178086E+00    0.108289E+01    0.915642E-01
   420    0.874861E-04    0.205807E-02    0.423761E-02    0.698211E-02    0.103041E-01    0.143529E-01    0.191184E-01    0.242363E-01    0.292128E-01    0.341812E-01    0.773313E-01    0.141235E+00    0.147329E+00    0.133708E+00    0.110174E+00    0.851034E-01    0.676370E-01    0.617382E-01    0.741341E-01    0.111257E+00    0.148799E+00    0.178325E+00    0.194293E+00    0.208958E+00    0.221039E+00    0.132326E+01    0.232483E+00
   440    0.107851E-03    0.251970E-02    0.509464E-02    0.820970E-02    0.118008E-01    0.160196E-01    0.207932E-01    0.259161E-01    0.308684E-01    0.356976E-01    0.802069E-01    0.147579E+00    0.159895E+00    0.151595E+00    0.129650E+00    0.108294E+00    0.986956E-01    0.956810E-01    0.108866E+00    0.145122E+00    0.179371E+00    0.205794E+00    0.221656E+00    0.234841E+00    0.249078E+00    0.148018E+01    0.329674E+00
   460    0.114806E-03    0.267001E-02    0.533341E-02    0.843861E-02    0.118723E-01    0.157674E-01    0.200360E-01    0.246284E-01    0.291438E-01    0.334787E-01    0.749461E-01    0.140740E+00    0.160032E+00    0.158156E+00    0.142208E+00    0.127680E+00    0.125695E+00    0.127133E+00    0.136216E+00    0.165559E+00    0.193304E+00    0.215012E+00    0.231095E+00    0.244124E+00    0.258251E+00    0.151088E+01    0.414145E+00
   480    0.106744E-03    0.246623E-02    0.487655E-02    0.755344E-02    0.103917E-01    0.134883E-01    0.167403E-01    0.203408E-01    0.239542E-01    0.275170E-01    0.623755E-01    0.122360E+00    0.146852E+00    0.153951E+00    0.144777E+00    0.136067E+00    0.138796E+00    0.142433E+00    0.152036E+00    0.172355E+00    0.190799E+00    0.203348E+00    0.219193E+00    0.233414E+00    0.243416E+00    0.140469E+01    0.445520E+00
   500    0.838196E-04    0.191892E-02    0.377128E-02    0.564091E-02    0.751163E-02    0.944696E-02    0.113489E-01    0.135173E-01    0.159906E-01    0.185137E-01    0.432317E-01    0.941401E-01    0.122641E+00    0.136428E+00    0.133972E+00    0.130062E+00    0.135569E+00    0.139971E+00    0.150014E+00    0.161927E+00    0.170932E+00    0.176704E+00    0.189621E+00    0.199529E+00    0.205772E+00    0.116524E+01    0.382951E+00
   520    0.527619E-04    0.118726E-02    0.233014E-02    0.325788E-02    0.403926E-02    0.471532E-02    0.519840E-02    0.594592E-02    0.711786E-02    0.859036E-02    0.219721E-01    0.620493E-01    0.900515E-01    0.107725E+00    0.108495E+00    0.106316E+00    0.111513E+00    0.120095E+00    0.130883E+00    0.136708E+00    0.137444E+00    0.136544E+00    0.143298E+00    0.150299E+00    0.148072E+00    0.827736E+00    0.234818E+00
   540    0.227738E-04    0.480851E-03    0.991467E-03    0.105530E-02    0.905542E-03    0.531529E-03   -0.540994E-04   -0.514190E-03   -0.438024E-03   -0.124407E-04    0.309992E-02    0.310361E-01    0.552062E-01    0.710105E-01    0.729486E-01    0.712604E-01    0.759239E-01    0.842677E-01    0.968333E-01    0.100654E+00    0.954292E-01    0.872685E-01    0.863254E-01    0.865365E-01    0.813213E-01    0.426832E+00    0.114869E-01
   560   -0.140338E-05   -0.728033E-04   -0.423569E-04   -0.592032E-03   -0.135504E-02   -0.238793E-02   -0.364825E-02   -0.483807E-02   -0.562806E-02   -0.597703E-02   -0.106206E-01    0.466182E-02    0.204017E-01    0.295210E-01    0.308905E-01    0.274700E-01    0.315649E-01    0.424292E-01    0.555770E-01    0.565349E-01    0.442426E-01    0.319385E-01    0.283486E-01    0.223730E-01    0.147128E-01    0.227619E-01   -0.282356E+00
   580   -0.115314E-04   -0.303680E-03   -0.433003E-03   -0.122250E-02   -0.219303E-02   -0.336899E-02   -0.475675E-02   -0.617099E-02   -0.734396E-02   -0.813010E-02   -0.164626E-01   -0.125264E-01   -0.734008E-02   -0.606137E-02   -0.816485E-02   -0.117360E-01   -0.852570E-02    0.311530E-03    0.106156E-01    0.789757E-02   -0.665262E-02   -0.205752E-01   -0.269469E-01   -0.325188E-01   -0.454951E-01   -0.334511E+00   -0.525477E+00
   600   -0.128198E-04   -0.327558E-03   -0.432973E-03   -0.119656E-02   -0.206758E-02   -0.307559E-02   -0.422582E-02   -0.547956E-02   -0.665858E-02   -0.757977E-02   -0.164030E-01   -0.201950E-01   -0.253998E-01   -0.325956E-01   -0.354986E-01   -0.398534E-01   -0.397634E-01   -0.314926E-01   -0.278280E-01   -0.369373E-01   -0.534019E-01   -0.625711E-01   -0.661454E-01   -0.738092E-01   -0.885086E-01   -0.583453E+00   -0.713537E+00
   620   -0.823586E-05   -0.216614E-03   -0.190114E-03   -0.768404E-03   -0.137841E-02   -0.203134E-02   -0.275684E-02   -0.361625E-02   -0.455063E-02   -0.536494E-02   -0.123661E-01   -0.197989E-01   -0.317383E-01   -0.442393E-01   -0.494548E-01   -0.526150E-01   -0.551471E-01   -0.545858E-01   -0.581351E-01   -0.709987E-01   -0.847900E-01   -0.925906E-01   -0.921625E-01   -0.959714E-01   -0.110701E+00   -0.707280E+00   -0.798098E+00
   640   -0.426579E-05   -0.118586E-03   -0.124443E-04   -0.393369E-03   -0.738976E-03   -0.104647E-02   -0.135760E-02   -0.181936E-02   -0.240810E-02   -0.303288E-02   -0.749391E-02   -0.155366E-01   -0.298555E-01   -0.438908E-01   -0.485950E-01   -0.507479E-01   -0.575765E-01   -0.624643E-01   -0.712714E-01   -0.884784E-01   -0.991776E-01   -0.103663E+00   -0.993532E-01   -0.103617E+00   -0.115459E+00   -0.742418E+00   -0.757117E+00
   660   -0.396017E-05   -0.106164E-03   -0.199491E-04   -0.278522E-03   -0.465493E-03   -0.555899E-03   -0.590052E-03   -0.752007E-03   -0.105534E-02   -0.143274E-02   -0.412801E-02   -0.105554E-01   -0.227302E-01   -0.340782E-01   -0.368659E-01   -0.389874E-01   -0.470105E-01   -0.559805E-01   -0.675918E-01   -0.851318E-01   -0.961001E-01   -0.100374E+00   -0.937375E-01   -0.951979E-01   -0.105811E+00   -0.698356E+00   -0.659546E+00
   680   -0.966691E-05   -0.233754E-03   -0.307647E-03   -0.599629E-03   -0.792246E-03   -0.870601E-03   -0.851168E-03   -0.907245E-03   -0.107937E-02   -0.135543E-02   -0.365169E-02   -0.934940E-02   -0.166625E-01   -0.220511E-01   -0.206382E-01   -0.206054E-01   -0.266234E-01   -0.334033E-01   -0.457147E-01   -0.666815E-01   -0.799269E-01   -0.824608E-01   -0.767258E-01   -0.775140E-01   -0.874747E-01   -0.602377E+00   -0.489513E+00
   700   -0.191533E-04   -0.448713E-03   -0.760357E-03   -0.120783E-02   -0.154927E-02   -0.178467E-02   -0.191659E-02   -0.207399E-02   -0.226861E-02   -0.255860E-02   -0.610667E-02   -0.122254E-01   -0.129798E-01   -0.105110E-01   -0.289467E-02    0.161118E-02    0.252349E-02    0.131049E-02   -0.111429E-01   -0.368532E-01   -0.526216E-01   -0.573200E-01   -0.528196E-01   -0.547363E-01   -0.645557E-01   -0.480441E+00   -0.313801E+00
   720   -0.305992E-04   -0.710055E-03   -0.130858E-02   -0.199040E-02   -0.258849E-02   -0.311763E-02   -0.356286E-02   -0.399527E-02   -0.436157E-02   -0.485253E-02   -0.108042E-01   -0.186305E-01   -0.133283E-01   -0.178221E-02    0.137110E-01    0.267722E-01    0.382006E-01    0.409413E-01    0.254602E-01   -0.238578E-02   -0.200390E-01   -0.274947E-01   -0.282062E-01   -0.305713E-01   -0.410657E-01   -0.360915E+00   -0.145637E+00
   740   -0.405463E-04   -0.941785E-03   -0.179565E-02   -0.273004E-02   -0.361703E-02   -0.450466E-02   -0.537417E-02   -0.620316E-02   -0.685570E-02   -0.764843E-02   -0.167713E-01   -0.271050E-01   -0.161655E-01    0.413738E-02    0.286955E-01    0.523335E-01    0.702678E-01    0.763490E-01    0.579613E-01    0.312621E-01    0.964850E-02   -0.389208E-02   -0.829928E-02   -0.128670E-01   -0.249102E-01   -0.281729E+00   -0.208090E-01
   760   -0.448811E-04   -0.104442E-02   -0.202919E-02   -0.312710E-02   -0.423539E-02   -0.543669E-02   -0.670107E-02   -0.792118E-02   -0.890289E-02   -0.100047E-01   -0.217711E-01   -0.338855E-01   -0.180183E-01    0.107114E-01    0.442458E-01    0.752392E-01    0.985230E-01    0.988397E-01    0.830962E-01    0.555455E-01    0.313618E-01    0.143628E-01    0.508128E-02   -0.313485E-02   -0.153521E-01   -0.248855E+00    0.561124E-01
   780   -0.415329E-04   -0.971282E-03   -0.191696E-02   -0.302495E-02   -0.421212E-02   -0.557873E-02   -0.713200E-02   -0.864933E-02   -0.990152E-02   -0.112612E-01   -0.245233E-01   -0.363380E-01   -0.169045E-01    0.184239E-01    0.581908E-01    0.908544E-01    0.112091E+00    0.111122E+00    0.955617E-01    0.669347E-01    0.404656E-01    0.206454E-01    0.735448E-02   -0.211237E-02   -0.161780E-01   -0.261727E+00    0.926874E-01
   800   -0.269358E-04   -0.638966E-03   -0.128375E-02   -0.215182E-02   -0.316187E-02   -0.443912E-02   -0.601479E-02   -0.757235E-02   -0.891405E-02   -0.103223E-01   -0.224621E-01   -0.310481E-01   -0.900403E-02    0.287163E-01    0.686912E-01    0.989977E-01    0.113723E+00    0.110611E+00    0.919102E-01    0.629591E-01    0.354968E-01    0.152268E-01   -0.577133E-03   -0.127479E-01   -0.260598E-01   -0.329053E+00    0.937305E-01
   820   -0.656528E-06   -0.372287E-04   -0.116280E-03   -0.458749E-03   -0.100656E-02   -0.187161E-02   -0.311287E-02   -0.440452E-02   -0.553588E-02   -0.671562E-02   -0.146800E-01   -0.165135E-01    0.547975E-02    0.414958E-01    0.767603E-01    0.100444E+00    0.106848E+00    0.987027E-01    0.769227E-01    0.469158E-01    0.190509E-01   -0.177574E-02   -0.183146E-01   -0.305620E-01   -0.440304E-01   -0.424294E+00    0.636076E-01
   840    0.341109E-04    0.759328E-03    0.145783E-02    0.185384E-02    0.202107E-02    0.183575E-02    0.121125E-02    0.542794E-03   -0.110249E-03   -0.798146E-03   -0.193600E-02    0.470979E-02    0.237488E-01    0.539183E-01    0.816843E-01    0.951465E-01    0.933978E-01    0.768949E-01    0.492263E-01    0.201282E-01   -0.724969E-02   -0.283625E-01   -0.439030E-01   -0.567557E-01   -0.669534E-01   -0.540541E+00    0.336878E-01
   860    0.726114E-04    0.164861E-02    0.320961E-02    0.447337E-02    0.550975E-02    0.619216E-02    0.643111E-02    0.658025E-02    0.665828E-02    0.666060E-02    0.141187E-01    0.303057E-01    0.443462E-01    0.672096E-01    0.864582E-01    0.898821E-01    0.772514E-01    0.529461E-01    0.211296E-01   -0.878550E-02   -0.367957E-01   -0.557006E-01   -0.707046E-01   -0.813286E-01   -0.899481E-01   -0.649541E+00   -0.370404E-02
   880    0.107197E-03    0.243895E-02    0.478706E-02    0.684598E-02    0.870353E-02    0.102549E-01    0.114049E-01    0.124035E-01    0.132406E-01    0.139342E-01    0.293316E-01    0.531479E-01    0.639019E-01    0.779774E-01    0.882590E-01    0.819064E-01    0.613051E-01    0.300356E-01   -0.824956E-02   -0.361275E-01   -0.626471E-01   -0.807786E-01   -0.941415E-01   -0.102465E+00   -0.107538E+00   -0.701961E+00   -0.510786E-01
   900    0.129532E-03    0.295426E-02    0.580893E-02    0.842432E-02    0.108883E-01    0.130917E-01    0.149745E-01    0.166624E-01    0.181151E-01    0.193513E-01    0.408159E-01    0.721150E-01    0.800117E-01    0.865831E-01    0.899627E-01    0.771887E-01    0.487593E-01    0.147775E-01   -0.238043E-01   -0.557587E-01   -0.806719E-01   -0.969327E-01   -0.108260E+00   -0.114899E+00   -0.116163E+00   -0.717383E+00   -0.649328E-01
   920    0.133678E-03    0.305193E-02    0.601733E-02    0.877834E-02    0.114722E-01    0.139858E-01    0.162656E-01    0.183359E-01    0.201071E-01    0.216675E-01    0.462261E-01    0.810942E-01    0.871090E-01    0.907600E-01    0.878290E-01    0.721761E-01    0.446059E-01    0.547959E-02   -0.328116E-01   -0.624508E-01   -0.853212E-01   -0.991427E-01   -0.108793E+00   -0.112544E+00   -0.111462E+00   -0.658822E+00   -0.825513E-01
   940    0.116224E-03    0.265068E-02    0.522543E-02    0.769329E-02    0.101602E-01    0.125301E-01    0.147609E-01    0.169403E-01    0.189095E-01    0.205933E-01    0.444521E-01    0.796899E-01    0.843959E-01    0.863484E-01    0.836267E-01    0.719013E-01    0.415938E-01    0.950612E-02   -0.290845E-01   -0.550669E-01   -0.752582E-01   -0.862047E-01   -0.924262E-01   -0.940426E-01   -0.909061E-01   -0.529047E+00   -0.893298E-01
   960    0.804546E-04    0.183972E-02    0.361408E-02    0.539961E-02    0.723186E-02    0.911618E-02    0.110340E-01    0.128538E-01    0.145788E-01    0.161320E-01    0.354913E-01    0.643918E-01    0.713658E-01    0.745929E-01    0.734223E-01    0.683562E-01    0.482092E-01    0.162683E-01   -0.128342E-01   -0.375353E-01   -0.505434E-01   -0.609320E-01   -0.631014E-01   -0.629057E-01   -0.579099E-01   -0.333372E+00   -0.653010E-01
   980    0.339275E-04    0.778110E-03    0.155143E-02    0.241231E-02    0.343769E-02    0.448352E-02    0.572037E-02    0.697542E-02    0.835208E-02    0.945961E-02    0.210292E-01    0.429069E-01    0.508257E-01    0.561040E-01    0.626161E-01    0.636793E-01    0.560329E-01    0.326650E-01    0.822248E-02   -0.131007E-01   -0.237641E-01   -0.276033E-01   -0.259740E-01   -0.216691E-01   -0.160775E-01   -0.816662E-01   -0.303818E-01
  1000   -0.154680E-04   -0.352286E-03   -0.680463E-03   -0.861852E-03   -0.840686E-03   -0.677523E-03   -0.176282E-03    0.489791E-03    0.118271E-02    0.192569E-02    0.579065E-02    0.172498E-01    0.252166E-01    0.361859E-01    0.474786E-01    0.634306E-01    0.619989E-01    0.512433E-01    0.316614E-01    0.190342E-01    0.121922E-01    0.793813E-02    0.124633E-01    0.193782E-01    0.261369E-01    0.164819E+00    0.294678E-01
