   20    0.136850E-06    0.313706E-11    0.786688E-13    0.000000E+00    0.367606E-12    0.000000E+00    0.000000E+00    0.786688E-13    0.249953E-11    0.000000E+00    0.598199E-12    0.000000E+00    0.000000E+00    0.000000E+00    0.000000E+00    0.131712E-12    0.000000E+00    0.129625E-12    0.000000E+00    0.367606E-12    0.598199E-12    0.000000E+00    0.421028E-11    0.000000E+00    0.000000E+00    0.000000E+00    0.000000E+00    0.129625E-12    0.000000E+00    0.138532E-11    0.000000E+00    0.000000E+00    0.000000E+00    0.000000E+00    0.000000E+00    0.000000E+00    0.360543E-09
   40    0.143960E-06    0.197453E-12    0.497004E-14    0.000000E+00    0.234611E-13    0.000000E+00    0.000000E+00    0.497004E-14    0.158695E-12    0.000000E+00    0.376369E-13    0.000000E+00    0.000000E+00    0.000000E+00    0.000000E+00    0.826614E-14    0.000000E+00    0.813480E-14    0.000000E+00    0.234611E-13    0.376369E-13    0.000000E+00    0.267880E-12    0.000000E+00    0.000000E+00    0.000000E+00    0.000000E+00    0.813480E-14    0.000000E+00    0.871743E-13    0.000000E+00    0.000000E+00    0.000000E+00    0.000000E+00    0.000000E+00    0.000000E+00    0.226208E-10
   60    0.133580E-06    0.393004E-13    0.994658E-15    0.000000E+00    0.479418E-14    0.000000E+00    0.000000E+00    0.994658E-15    0.321024E-13    0.000000E+00    0.750365E-14    0.000000E+00    0.000000E+00    0.000000E+00    0.000000E+00    0.164306E-14    0.000000E+00    0.161684E-14    0.000000E+00    0.479418E-14    0.750365E-14    0.000000E+00    0.544263E-13    0.000000E+00    0.000000E+00    0.000000E+00    0.000000E+00    0.161684E-14    0.000000E+00    0.174049E-13    0.000000E+00    0.000000E+00    0.000000E+00    0.000000E+00    0.000000E+00    0.000000E+00    0.449206E-11
   80    0.119520E-06    0.125430E-13    0.319070E-15    0.000000E+00    0.158988E-14    0.000000E+00    0.000000E+00    0.319070E-15    0.104889E-13    0.000000E+00    0.240445E-14    0.000000E+00    0.000000E+00    0.000000E+00    0.000000E+00    0.524035E-15    0.000000E+00    0.515610E-15    0.000000E+00    0.158988E-14    0.240445E-14    0.000000E+00    0.179145E-13    0.000000E+00    0.000000E+00    0.000000E+00    0.000000E+00    0.515610E-15    0.000000E+00    0.558442E-14    0.000000E+00    0.000000E+00    0.000000E+00    0.000000E+00    0.000000E+00    0.000000E+00    0.143155E-11
  100    0.105720E-06    0.518792E-14    0.132306E-15    0.000000E+00    0.691166E-15    0.000000E+00    0.000000E+00    0.132306E-15    0.447201E-14    0.000000E+00    0.100165E-14    0.000000E+00    0.000000E+00    0.000000E+00    0.000000E+00    0.216677E-15    0.000000E+00    0.213165E-15    0.000000E+00    0.691166E-15    0.100165E-14    0.000000E+00    0.772359E-14    0.000000E+00    0.000000E+00    0.000000E+00    0.000000E+00    0.213165E-15    0.000000E+00    0.232503E-14    0.000000E+00    0.000000E+00    0.000000E+00    0.000000E+00    0.000000E+00    0.000000E+00    0.591670E-12
  120    0.933800E-07    0.252909E-14    0.644066E-16    0.000000E+00    0.358036E-15    0.000000E+00    0.000000E+00    0.644066E-16    0.226166E-14    0.000000E+00    0.494056E-15    0.000000E+00    0.000000E+00    0.000000E+00    0.000000E+00    0.105621E-15    0.000000E+00    0.103893E-15    0.000000E+00    0.358036E-15    0.494056E-15    0.000000E+00    0.396737E-14    0.000000E+00    0.000000E+00    0.000000E+00    0.000000E+00    0.103893E-15    0.000000E+00    0.114152E-14    0.000000E+00    0.000000E+00    0.000000E+00    0.000000E+00    0.000000E+00    0.000000E+00    0.288421E-12
  140    0.827350E-07    0.138136E-14    0.349977E-16    0.000000E+00    0.210000E-15    0.000000E+00    0.000000E+00    0.349977E-16    0.128895E-14    0.000000E+00    0.274828E-15    0.000000E+00    0.000000E+00    0.000000E+00    0.000000E+00    0.576989E-16    0.000000E+00    0.567457E-16    0.000000E+00    0.210000E-15    0.274828E-15    0.000000E+00    0.230768E-14    0.000000E+00    0.000000E+00    0.000000E+00    0.000000E+00    0.567457E-16    0.000000E+00    0.628027E-15    0.000000E+00    0.000000E+00    0.000000E+00    0.000000E+00    0.000000E+00    0.000000E+00    0.157623E-12
  160    0.736900E-07    0.820083E-15    0.206498E-16    0.000000E+00    0.135266E-15    0.000000E+00    0.000000E+00    0.206498E-16    0.802503E-15    0.000000E+00    0.167675E-15    0.000000E+00    0.000000E+00    0.000000E+00    0.000000E+00    0.342712E-16    0.000000E+00    0.336988E-16    0.000000E+00    0.135266E-15    0.167675E-15    0.000000E+00    0.147385E-14    0.000000E+00    0.000000E+00    0.000000E+00    0.000000E+00    0.336988E-16    0.000000E+00    0.375613E-15    0.000000E+00    0.000000E+00    0.000000E+00    0.000000E+00    0.000000E+00    0.000000E+00    0.936892E-13
  180    0.660430E-07    0.518917E-15    0.130444E-16    0.000000E+00    0.937961E-16    0.000000E+00    0.000000E+00    0.130444E-16    0.534759E-15    0.000000E+00    0.110305E-15    0.000000E+00    0.000000E+00    0.000000E+00    0.000000E+00    0.217051E-16    0.000000E+00    0.213384E-16    0.000000E+00    0.937961E-16    0.110305E-15    0.000000E+00    0.101263E-14    0.000000E+00    0.000000E+00    0.000000E+00    0.000000E+00    0.213384E-16    0.000000E+00    0.239516E-15    0.000000E+00    0.000000E+00    0.000000E+00    0.000000E+00    0.000000E+00    0.000000E+00    0.593910E-13
  200    0.595650E-07    0.345282E-15    0.877089E-17    0.000000E+00    0.690429E-16    0.000000E+00    0.000000E+00    0.877089E-17    0.375898E-15    0.000000E+00    0.773765E-16    0.000000E+00    0.000000E+00    0.000000E+00    0.000000E+00    0.144634E-16    0.000000E+00    0.142159E-16    0.000000E+00    0.690429E-16    0.773765E-16    0.000000E+00    0.737572E-15    0.000000E+00    0.000000E+00    0.000000E+00    0.000000E+00    0.142159E-16    0.000000E+00    0.160697E-15    0.000000E+00    0.000000E+00    0.000000E+00    0.000000E+00    0.000000E+00    0.000000E+00    0.396180E-13
  220    0.540530E-07    0.239264E-15    0.626673E-17    0.000000E+00    0.533683E-16    0.000000E+00    0.000000E+00    0.626673E-17    0.275712E-15    0.000000E+00    0.574138E-16    0.000000E+00    0.000000E+00    0.000000E+00    0.000000E+00    0.100440E-16    0.000000E+00    0.986982E-17    0.000000E+00    0.533683E-16    0.574138E-16    0.000000E+00    0.563142E-15    0.000000E+00    0.000000E+00    0.000000E+00    0.000000E+00    0.986982E-17    0.000000E+00    0.112362E-15    0.000000E+00    0.000000E+00    0.000000E+00    0.000000E+00    0.000000E+00    0.000000E+00    0.275451E-13
  240    0.493320E-07    0.171422E-15    0.474850E-17    0.000000E+00    0.429216E-16    0.000000E+00    0.000000E+00    0.474850E-17    0.209212E-15    0.000000E+00    0.447644E-16    0.000000E+00    0.000000E+00    0.000000E+00    0.000000E+00    0.721749E-17    0.000000E+00    0.709053E-17    0.000000E+00    0.429216E-16    0.447644E-16    0.000000E+00    0.446576E-15    0.000000E+00    0.000000E+00    0.000000E+00    0.000000E+00    0.709053E-17    0.000000E+00    0.812902E-16    0.000000E+00    0.000000E+00    0.000000E+00    0.000000E+00    0.000000E+00    0.000000E+00    0.198196E-13
  260    0.452480E-07    0.126276E-15    0.379425E-17    0.000000E+00    0.356147E-16    0.000000E+00    0.000000E+00    0.379425E-17    0.163087E-15    0.000000E+00    0.364393E-16    0.000000E+00    0.000000E+00    0.000000E+00    0.000000E+00    0.533770E-17    0.000000E+00    0.524249E-17    0.000000E+00    0.356147E-16    0.364393E-16    0.000000E+00    0.364920E-15    0.000000E+00    0.000000E+00    0.000000E+00    0.000000E+00    0.524249E-17    0.000000E+00    0.605096E-16    0.000000E+00    0.000000E+00    0.000000E+00    0.000000E+00    0.000000E+00    0.000000E+00    0.146793E-13
  280    0.416820E-07    0.952215E-16    0.316447E-17    0.000000E+00    0.302468E-16    0.000000E+00    0.000000E+00    0.316447E-17    0.129845E-15    0.000000E+00    0.307574E-16    0.000000E+00    0.000000E+00    0.000000E+00    0.000000E+00    0.404539E-17    0.000000E+00    0.397214E-17    0.000000E+00    0.302468E-16    0.307574E-16    0.000000E+00    0.305121E-15    0.000000E+00    0.000000E+00    0.000000E+00    0.000000E+00    0.397214E-17    0.000000E+00    0.461345E-16    0.000000E+00    0.000000E+00    0.000000E+00    0.000000E+00    0.000000E+00    0.000000E+00    0.111444E-13
  300    0.385440E-07    0.732454E-16    0.271899E-17    0.000000E+00    0.260966E-16    0.000000E+00    0.000000E+00    0.271899E-17    0.105073E-15    0.000000E+00    0.267143E-16    0.000000E+00    0.000000E+00    0.000000E+00    0.000000E+00    0.313134E-17    0.000000E+00    0.307384E-17    0.000000E+00    0.260966E-16    0.267143E-16    0.000000E+00    0.259402E-15    0.000000E+00    0.000000E+00    0.000000E+00    0.000000E+00    0.307384E-17    0.000000E+00    0.358993E-16    0.000000E+00    0.000000E+00    0.000000E+00    0.000000E+00    0.000000E+00    0.000000E+00    0.864400E-14
  320    0.357580E-07    0.573078E-16    0.237573E-17    0.000000E+00    0.227224E-16    0.000000E+00    0.000000E+00    0.237573E-17    0.860819E-16    0.000000E+00    0.236775E-16    0.000000E+00    0.000000E+00    0.000000E+00    0.000000E+00    0.246870E-17    0.000000E+00    0.242272E-17    0.000000E+00    0.227224E-16    0.236775E-16    0.000000E+00    0.222997E-15    0.000000E+00    0.000000E+00    0.000000E+00    0.000000E+00    0.242272E-17    0.000000E+00    0.284295E-16    0.000000E+00    0.000000E+00    0.000000E+00    0.000000E+00    0.000000E+00    0.000000E+00    0.683154E-14
  340    0.332660E-07    0.455003E-16    0.208821E-17    0.000000E+00    0.198554E-16    0.000000E+00    0.000000E+00    0.208821E-17    0.711793E-16    0.000000E+00    0.212359E-16    0.000000E+00    0.000000E+00    0.000000E+00    0.000000E+00    0.197787E-17    0.000000E+00    0.194055E-17    0.000000E+00    0.198554E-16    0.212359E-16    0.000000E+00    0.192938E-15    0.000000E+00    0.000000E+00    0.000000E+00    0.000000E+00    0.194055E-17    0.000000E+00    0.228617E-16    0.000000E+00    0.000000E+00    0.000000E+00    0.000000E+00    0.000000E+00    0.000000E+00    0.548942E-14
  360    0.310220E-07    0.365894E-16    0.183240E-17    0.000000E+00    0.173407E-16    0.000000E+00    0.000000E+00    0.183240E-17    0.592741E-16    0.000000E+00    0.191263E-16    0.000000E+00    0.000000E+00    0.000000E+00    0.000000E+00    0.160735E-17    0.000000E+00    0.157662E-17    0.000000E+00    0.173407E-16    0.191263E-16    0.000000E+00    0.167403E-15    0.000000E+00    0.000000E+00    0.000000E+00    0.000000E+00    0.157662E-17    0.000000E+00    0.186361E-16    0.000000E+00    0.000000E+00    0.000000E+00    0.000000E+00    0.000000E+00    0.000000E+00    0.447678E-14
  380    0.289910E-07    0.297545E-16    0.159789E-17    0.000000E+00    0.150975E-16    0.000000E+00    0.000000E+00    0.159789E-17    0.496411E-16    0.000000E+00    0.171938E-16    0.000000E+00    0.000000E+00    0.000000E+00    0.000000E+00    0.132294E-17    0.000000E+00    0.129731E-17    0.000000E+00    0.150975E-16    0.171938E-16    0.000000E+00    0.145303E-15    0.000000E+00    0.000000E+00    0.000000E+00    0.000000E+00    0.129731E-17    0.000000E+00    0.153788E-16    0.000000E+00    0.000000E+00    0.000000E+00    0.000000E+00    0.000000E+00    0.000000E+00    0.369989E-14
  400    0.271430E-07    0.244379E-16    0.138197E-17    0.000000E+00    0.130915E-16    0.000000E+00    0.000000E+00    0.138197E-17    0.417820E-16    0.000000E+00    0.153653E-16    0.000000E+00    0.000000E+00    0.000000E+00    0.000000E+00    0.110134E-17    0.000000E+00    0.107975E-17    0.000000E+00    0.130915E-16    0.153653E-16    0.000000E+00    0.126022E-15    0.000000E+00    0.000000E+00    0.000000E+00    0.000000E+00    0.107975E-17    0.000000E+00    0.128329E-16    0.000000E+00    0.000000E+00    0.000000E+00    0.000000E+00    0.000000E+00    0.000000E+00    0.309491E-14
  420    0.254580E-07    0.202504E-16    0.118541E-17    0.000000E+00    0.113121E-16    0.000000E+00    0.000000E+00    0.118541E-17    0.353378E-16    0.000000E+00    0.136256E-16    0.000000E+00    0.000000E+00    0.000000E+00    0.000000E+00    0.926383E-18    0.000000E+00    0.907990E-18    0.000000E+00    0.113121E-16    0.136256E-16    0.000000E+00    0.109214E-15    0.000000E+00    0.000000E+00    0.000000E+00    0.000000E+00    0.907990E-18    0.000000E+00    0.108176E-16    0.000000E+00    0.000000E+00    0.000000E+00    0.000000E+00    0.000000E+00    0.000000E+00    0.261745E-14
  440    0.239150E-07    0.169164E-16    0.100989E-17    0.000000E+00    0.975638E-17    0.000000E+00    0.000000E+00    0.100989E-17    0.300393E-16    0.000000E+00    0.119924E-16    0.000000E+00    0.000000E+00    0.000000E+00    0.000000E+00    0.786580E-18    0.000000E+00    0.770776E-18    0.000000E+00    0.975638E-17    0.119924E-16    0.000000E+00    0.946597E-16    0.000000E+00    0.000000E+00    0.000000E+00    0.000000E+00    0.770776E-18    0.000000E+00    0.920381E-17    0.000000E+00    0.000000E+00    0.000000E+00    0.000000E+00    0.000000E+00    0.000000E+00    0.223601E-14
  460    0.225020E-07    0.142361E-16    0.856585E-18    0.000000E+00    0.841813E-17    0.000000E+00    0.000000E+00    0.856585E-18    0.256755E-16    0.000000E+00    0.104939E-16    0.000000E+00    0.000000E+00    0.000000E+00    0.000000E+00    0.673654E-18    0.000000E+00    0.659955E-18    0.000000E+00    0.841813E-17    0.104939E-16    0.000000E+00    0.821697E-16    0.000000E+00    0.000000E+00    0.000000E+00    0.000000E+00    0.659955E-18    0.000000E+00    0.789747E-17    0.000000E+00    0.000000E+00    0.000000E+00    0.000000E+00    0.000000E+00    0.000000E+00    0.192786E-14
  480    0.212040E-07    0.120631E-16    0.725622E-18    0.000000E+00    0.728418E-17    0.000000E+00    0.000000E+00    0.725622E-18    0.220762E-16    0.000000E+00    0.915433E-17    0.000000E+00    0.000000E+00    0.000000E+00    0.000000E+00    0.581534E-18    0.000000E+00    0.569567E-18    0.000000E+00    0.728418E-17    0.915433E-17    0.000000E+00    0.715444E-16    0.000000E+00    0.000000E+00    0.000000E+00    0.000000E+00    0.569567E-18    0.000000E+00    0.682962E-17    0.000000E+00    0.000000E+00    0.000000E+00    0.000000E+00    0.000000E+00    0.000000E+00    0.167637E-14
  500    0.200110E-07    0.102874E-16    0.616018E-18    0.000000E+00    0.633443E-17    0.000000E+00    0.000000E+00    0.616018E-18    0.191013E-16    0.000000E+00    0.798550E-17    0.000000E+00    0.000000E+00    0.000000E+00    0.000000E+00    0.505701E-18    0.000000E+00    0.495171E-18    0.000000E+00    0.633443E-17    0.798550E-17    0.000000E+00    0.625625E-16    0.000000E+00    0.000000E+00    0.000000E+00    0.000000E+00    0.495171E-18    0.000000E+00    0.594892E-17    0.000000E+00    0.000000E+00    0.000000E+00    0.000000E+00    0.000000E+00    0.000000E+00    0.146916E-14
  520    0.189140E-07    0.882610E-17    0.525957E-18    0.000000E+00    0.554458E-17    0.000000E+00    0.000000E+00    0.525957E-18    0.166355E-16    0.000000E+00    0.698637E-17    0.000000E+00    0.000000E+00    0.000000E+00    0.000000E+00    0.442753E-18    0.000000E+00    0.433423E-18    0.000000E+00    0.554458E-17    0.698637E-17    0.000000E+00    0.549936E-16    0.000000E+00    0.000000E+00    0.000000E+00    0.000000E+00    0.433423E-18    0.000000E+00    0.521670E-17    0.000000E+00    0.000000E+00    0.000000E+00    0.000000E+00    0.000000E+00    0.000000E+00    0.129693E-14
  540    0.179040E-07    0.761539E-17    0.453044E-18    0.000000E+00    0.488892E-17    0.000000E+00    0.000000E+00    0.453044E-18    0.145833E-16    0.000000E+00    0.614551E-17    0.000000E+00    0.000000E+00    0.000000E+00    0.000000E+00    0.390090E-18    0.000000E+00    0.381769E-18    0.000000E+00    0.488892E-17    0.614551E-17    0.000000E+00    0.486125E-16    0.000000E+00    0.000000E+00    0.000000E+00    0.000000E+00    0.381769E-18    0.000000E+00    0.460333E-17    0.000000E+00    0.000000E+00    0.000000E+00    0.000000E+00    0.000000E+00    0.000000E+00    0.115260E-14
  560    0.169740E-07    0.660588E-17    0.394611E-18    0.000000E+00    0.434269E-17    0.000000E+00    0.000000E+00    0.394611E-18    0.128663E-16    0.000000E+00    0.544481E-17    0.000000E+00    0.000000E+00    0.000000E+00    0.000000E+00    0.345711E-18    0.000000E+00    0.338250E-18    0.000000E+00    0.434269E-17    0.544481E-17    0.000000E+00    0.432114E-16    0.000000E+00    0.000000E+00    0.000000E+00    0.000000E+00    0.338250E-18    0.000000E+00    0.408591E-17    0.000000E+00    0.000000E+00    0.000000E+00    0.000000E+00    0.000000E+00    0.000000E+00    0.103073E-14
  580    0.161160E-07    0.575890E-17    0.347933E-18    0.000000E+00    0.388376E-17    0.000000E+00    0.000000E+00    0.347933E-18    0.114203E-16    0.000000E+00    0.486323E-17    0.000000E+00    0.000000E+00    0.000000E+00    0.000000E+00    0.308057E-18    0.000000E+00    0.301325E-18    0.000000E+00    0.388376E-17    0.486323E-17    0.000000E+00    0.386104E-16    0.000000E+00    0.000000E+00    0.000000E+00    0.000000E+00    0.301325E-18    0.000000E+00    0.364655E-17    0.000000E+00    0.000000E+00    0.000000E+00    0.000000E+00    0.000000E+00    0.000000E+00    0.927080E-15
  600    0.153240E-07    0.504397E-17    0.310434E-18    0.000000E+00    0.349319E-17    0.000000E+00    0.000000E+00    0.310434E-18    0.101936E-16    0.000000E+00    0.437935E-17    0.000000E+00    0.000000E+00    0.000000E+00    0.000000E+00    0.275904E-18    0.000000E+00    0.269802E-18    0.000000E+00    0.349319E-17    0.437935E-17    0.000000E+00    0.346576E-16    0.000000E+00    0.000000E+00    0.000000E+00    0.000000E+00    0.269802E-18    0.000000E+00    0.327114E-17    0.000000E+00    0.000000E+00    0.000000E+00    0.000000E+00    0.000000E+00    0.000000E+00    0.838348E-15
  620    0.145920E-07    0.443694E-17    0.279811E-18    0.000000E+00    0.315554E-17    0.000000E+00    0.000000E+00    0.279811E-18    0.914431E-17    0.000000E+00    0.397302E-17    0.000000E+00    0.000000E+00    0.000000E+00    0.000000E+00    0.248284E-18    0.000000E+00    0.242725E-18    0.000000E+00    0.315554E-17    0.397302E-17    0.000000E+00    0.312293E-16    0.000000E+00    0.000000E+00    0.000000E+00    0.000000E+00    0.242725E-18    0.000000E+00    0.294846E-17    0.000000E+00    0.000000E+00    0.000000E+00    0.000000E+00    0.000000E+00    0.000000E+00    0.761915E-15
  640    0.139150E-07    0.391865E-17    0.254133E-18    0.000000E+00    0.285889E-17    0.000000E+00    0.000000E+00    0.254133E-18    0.823942E-17    0.000000E+00    0.362652E-17    0.000000E+00    0.000000E+00    0.000000E+00    0.000000E+00    0.224425E-18    0.000000E+00    0.219339E-18    0.000000E+00    0.285889E-17    0.362652E-17    0.000000E+00    0.282282E-16    0.000000E+00    0.000000E+00    0.000000E+00    0.000000E+00    0.219339E-18    0.000000E+00    0.266955E-17    0.000000E+00    0.000000E+00    0.000000E+00    0.000000E+00    0.000000E+00    0.000000E+00    0.695698E-15
  660    0.132870E-07    0.347359E-17    0.231866E-18    0.000000E+00    0.259423E-17    0.000000E+00    0.000000E+00    0.231866E-18    0.745263E-17    0.000000E+00    0.332482E-17    0.000000E+00    0.000000E+00    0.000000E+00    0.000000E+00    0.203706E-18    0.000000E+00    0.199031E-18    0.000000E+00    0.259423E-17    0.332482E-17    0.000000E+00    0.255768E-16    0.000000E+00    0.000000E+00    0.000000E+00    0.000000E+00    0.199031E-18    0.000000E+00    0.242718E-17    0.000000E+00    0.000000E+00    0.000000E+00    0.000000E+00    0.000000E+00    0.000000E+00    0.638018E-15
  680    0.127040E-07    0.308941E-17    0.211899E-18    0.000000E+00    0.235525E-17    0.000000E+00    0.000000E+00    0.211899E-18    0.676351E-17    0.000000E+00    0.305592E-17    0.000000E+00    0.000000E+00    0.000000E+00    0.000000E+00    0.185627E-18    0.000000E+00    0.181314E-18    0.000000E+00    0.235525E-17    0.305592E-17    0.000000E+00    0.232157E-16    0.000000E+00    0.000000E+00    0.000000E+00    0.000000E+00    0.181314E-18    0.000000E+00    0.221546E-17    0.000000E+00    0.000000E+00    0.000000E+00    0.000000E+00    0.000000E+00    0.000000E+00    0.587517E-15
  700    0.121610E-07    0.275619E-17    0.193504E-18    0.000000E+00    0.213766E-17    0.000000E+00    0.000000E+00    0.193504E-18    0.615628E-17    0.000000E+00    0.281087E-17    0.000000E+00    0.000000E+00    0.000000E+00    0.000000E+00    0.169780E-18    0.000000E+00    0.165788E-18    0.000000E+00    0.213766E-17    0.281087E-17    0.000000E+00    0.210988E-16    0.000000E+00    0.000000E+00    0.000000E+00    0.000000E+00    0.165788E-18    0.000000E+00    0.202961E-17    0.000000E+00    0.000000E+00    0.000000E+00    0.000000E+00    0.000000E+00    0.000000E+00    0.543085E-15
  720    0.116560E-07    0.246582E-17    0.176274E-18    0.000000E+00    0.193883E-17    0.000000E+00    0.000000E+00    0.176274E-18    0.561861E-17    0.000000E+00    0.258359E-17    0.000000E+00    0.000000E+00    0.000000E+00    0.000000E+00    0.155831E-18    0.000000E+00    0.152122E-18    0.000000E+00    0.193883E-17    0.258359E-17    0.000000E+00    0.191915E-16    0.000000E+00    0.000000E+00    0.000000E+00    0.000000E+00    0.152122E-18    0.000000E+00    0.186570E-17    0.000000E+00    0.000000E+00    0.000000E+00    0.000000E+00    0.000000E+00    0.000000E+00    0.503806E-15
  740    0.111830E-07    0.221182E-17    0.160054E-18    0.000000E+00    0.175722E-17    0.000000E+00    0.000000E+00    0.160054E-18    0.514106E-17    0.000000E+00    0.237061E-17    0.000000E+00    0.000000E+00    0.000000E+00    0.000000E+00    0.143504E-18    0.000000E+00    0.140047E-18    0.000000E+00    0.175722E-17    0.237061E-17    0.000000E+00    0.174684E-16    0.000000E+00    0.000000E+00    0.000000E+00    0.000000E+00    0.140047E-18    0.000000E+00    0.172049E-17    0.000000E+00    0.000000E+00    0.000000E+00    0.000000E+00    0.000000E+00    0.000000E+00    0.468921E-15
  760    0.107420E-07    0.198879E-17    0.144853E-18    0.000000E+00    0.159204E-17    0.000000E+00    0.000000E+00    0.144853E-18    0.471607E-17    0.000000E+00    0.217056E-17    0.000000E+00    0.000000E+00    0.000000E+00    0.000000E+00    0.132571E-18    0.000000E+00    0.129341E-18    0.000000E+00    0.159204E-17    0.217056E-17    0.000000E+00    0.159101E-16    0.000000E+00    0.000000E+00    0.000000E+00    0.000000E+00    0.129341E-18    0.000000E+00    0.159136E-17    0.000000E+00    0.000000E+00    0.000000E+00    0.000000E+00    0.000000E+00    0.000000E+00    0.437796E-15
  780    0.103260E-07    0.179244E-17    0.130774E-18    0.000000E+00    0.144278E-17    0.000000E+00    0.000000E+00    0.130774E-18    0.433763E-17    0.000000E+00    0.198352E-17    0.000000E+00    0.000000E+00    0.000000E+00    0.000000E+00    0.122841E-18    0.000000E+00    0.119813E-18    0.000000E+00    0.144278E-17    0.198352E-17    0.000000E+00    0.145020E-16    0.000000E+00    0.000000E+00    0.000000E+00    0.000000E+00    0.119813E-18    0.000000E+00    0.147611E-17    0.000000E+00    0.000000E+00    0.000000E+00    0.000000E+00    0.000000E+00    0.000000E+00    0.409895E-15
  800    0.993580E-08    0.161905E-17    0.117936E-18    0.000000E+00    0.130889E-17    0.000000E+00    0.000000E+00    0.117936E-18    0.400056E-17    0.000000E+00    0.181031E-17    0.000000E+00    0.000000E+00    0.000000E+00    0.000000E+00    0.114154E-18    0.000000E+00    0.111307E-18    0.000000E+00    0.130889E-17    0.181031E-17    0.000000E+00    0.132315E-16    0.000000E+00    0.000000E+00    0.000000E+00    0.000000E+00    0.111307E-18    0.000000E+00    0.137295E-17    0.000000E+00    0.000000E+00    0.000000E+00    0.000000E+00    0.000000E+00    0.000000E+00    0.384771E-15
  820    0.959140E-08    0.146564E-17    0.106439E-18    0.000000E+00    0.118966E-17    0.000000E+00    0.000000E+00    0.106439E-18    0.370044E-17    0.000000E+00    0.165187E-17    0.000000E+00    0.000000E+00    0.000000E+00    0.000000E+00    0.106374E-18    0.000000E+00    0.103691E-18    0.000000E+00    0.118966E-17    0.165187E-17    0.000000E+00    0.120871E-16    0.000000E+00    0.000000E+00    0.000000E+00    0.000000E+00    0.103691E-18    0.000000E+00    0.128033E-17    0.000000E+00    0.000000E+00    0.000000E+00    0.000000E+00    0.000000E+00    0.000000E+00    0.362041E-15
  840    0.925150E-08    0.132960E-17    0.963262E-19    0.000000E+00    0.108406E-17    0.000000E+00    0.000000E+00    0.963262E-19    0.343316E-17    0.000000E+00    0.150885E-17    0.000000E+00    0.000000E+00    0.000000E+00    0.000000E+00    0.993859E-19    0.000000E+00    0.968504E-19    0.000000E+00    0.108406E-17    0.150885E-17    0.000000E+00    0.110576E-16    0.000000E+00    0.000000E+00    0.000000E+00    0.000000E+00    0.968504E-19    0.000000E+00    0.119696E-17    0.000000E+00    0.000000E+00    0.000000E+00    0.000000E+00    0.000000E+00    0.000000E+00    0.341382E-15
  860    0.891810E-08    0.120872E-17    0.875781E-19    0.000000E+00    0.990812E-18    0.000000E+00    0.000000E+00    0.875781E-19    0.319497E-17    0.000000E+00    0.138127E-17    0.000000E+00    0.000000E+00    0.000000E+00    0.000000E+00    0.930912E-19    0.000000E+00    0.906898E-19    0.000000E+00    0.990812E-18    0.138127E-17    0.000000E+00    0.101317E-16    0.000000E+00    0.000000E+00    0.000000E+00    0.000000E+00    0.906898E-19    0.000000E+00    0.112174E-17    0.000000E+00    0.000000E+00    0.000000E+00    0.000000E+00    0.000000E+00    0.000000E+00    0.322523E-15
  880    0.860700E-08    0.110111E-17    0.801070E-19    0.000000E+00    0.908450E-18    0.000000E+00    0.000000E+00    0.801070E-19    0.298238E-17    0.000000E+00    0.126855E-17    0.000000E+00    0.000000E+00    0.000000E+00    0.000000E+00    0.874058E-19    0.000000E+00    0.851254E-19    0.000000E+00    0.908450E-18    0.126855E-17    0.000000E+00    0.929868E-17    0.000000E+00    0.000000E+00    0.000000E+00    0.000000E+00    0.851254E-19    0.000000E+00    0.105369E-17    0.000000E+00    0.000000E+00    0.000000E+00    0.000000E+00    0.000000E+00    0.000000E+00    0.305230E-15
  900    0.831090E-08    0.100516E-17    0.737749E-19    0.000000E+00    0.835471E-18    0.000000E+00    0.000000E+00    0.737749E-19    0.279222E-17    0.000000E+00    0.116955E-17    0.000000E+00    0.000000E+00    0.000000E+00    0.000000E+00    0.822572E-19    0.000000E+00    0.800881E-19    0.000000E+00    0.835471E-18    0.116955E-17    0.000000E+00    0.854820E-17    0.000000E+00    0.000000E+00    0.000000E+00    0.000000E+00    0.800881E-19    0.000000E+00    0.991977E-18    0.000000E+00    0.000000E+00    0.000000E+00    0.000000E+00    0.000000E+00    0.000000E+00    0.289308E-15
  920    0.803000E-08    0.919385E-18    0.684000E-19    0.000000E+00    0.770400E-18    0.000000E+00    0.000000E+00    0.684000E-19    0.262145E-17    0.000000E+00    0.108273E-17    0.000000E+00    0.000000E+00    0.000000E+00    0.000000E+00    0.775831E-19    0.000000E+00    0.755141E-19    0.000000E+00    0.770400E-18    0.108273E-17    0.000000E+00    0.787120E-17    0.000000E+00    0.000000E+00    0.000000E+00    0.000000E+00    0.755141E-19    0.000000E+00    0.935883E-18    0.000000E+00    0.000000E+00    0.000000E+00    0.000000E+00    0.000000E+00    0.000000E+00    0.274591E-15
  940    0.776320E-08    0.842529E-18    0.637852E-19    0.000000E+00    0.711906E-18    0.000000E+00    0.000000E+00    0.637852E-19    0.246739E-17    0.000000E+00    0.100632E-17    0.000000E+00    0.000000E+00    0.000000E+00    0.000000E+00    0.733292E-19    0.000000E+00    0.713524E-19    0.000000E+00    0.711906E-18    0.100632E-17    0.000000E+00    0.725958E-17    0.000000E+00    0.000000E+00    0.000000E+00    0.000000E+00    0.713524E-19    0.000000E+00    0.884776E-18    0.000000E+00    0.000000E+00    0.000000E+00    0.000000E+00    0.000000E+00    0.000000E+00    0.260935E-15
  960    0.750950E-08    0.773516E-18    0.597370E-19    0.000000E+00    0.658880E-18    0.000000E+00    0.000000E+00    0.597370E-19    0.232774E-17    0.000000E+00    0.938539E-18    0.000000E+00    0.000000E+00    0.000000E+00    0.000000E+00    0.694492E-19    0.000000E+00    0.675572E-19    0.000000E+00    0.658880E-18    0.938539E-18    0.000000E+00    0.670678E-17    0.000000E+00    0.000000E+00    0.000000E+00    0.000000E+00    0.675572E-19    0.000000E+00    0.838115E-18    0.000000E+00    0.000000E+00    0.000000E+00    0.000000E+00    0.000000E+00    0.000000E+00    0.248222E-15
  980    0.726820E-08    0.711374E-18    0.560797E-19    0.000000E+00    0.610407E-18    0.000000E+00    0.000000E+00    0.560797E-19    0.220050E-17    0.000000E+00    0.877659E-18    0.000000E+00    0.000000E+00    0.000000E+00    0.000000E+00    0.659023E-19    0.000000E+00    0.640871E-19    0.000000E+00    0.610407E-18    0.877659E-18    0.000000E+00    0.620657E-17    0.000000E+00    0.000000E+00    0.000000E+00    0.000000E+00    0.640871E-19    0.000000E+00    0.795423E-18    0.000000E+00    0.000000E+00    0.000000E+00    0.000000E+00    0.000000E+00    0.000000E+00    0.236346E-15
 1000    0.703840E-08    0.655274E-18    0.526708E-19    0.000000E+00    0.565789E-18    0.000000E+00    0.000000E+00    0.526708E-19    0.208402E-17    0.000000E+00    0.822105E-18    0.000000E+00    0.000000E+00    0.000000E+00    0.000000E+00    0.626533E-19    0.000000E+00    0.609097E-19    0.000000E+00    0.565789E-18    0.822105E-18    0.000000E+00    0.575337E-17    0.000000E+00    0.000000E+00    0.000000E+00    0.000000E+00    0.609097E-19    0.000000E+00    0.756287E-18    0.000000E+00    0.000000E+00    0.000000E+00    0.000000E+00    0.000000E+00    0.000000E+00    0.225217E-15
 1020    0.681950E-08    0.604484E-18    0.494089E-19    0.000000E+00    0.524510E-18    0.000000E+00    0.000000E+00    0.494089E-19    0.197697E-17    0.000000E+00    0.770569E-18    0.000000E+00    0.000000E+00    0.000000E+00    0.000000E+00    0.596714E-19    0.000000E+00    0.579932E-19    0.000000E+00    0.524510E-18    0.770569E-18    0.000000E+00    0.534187E-17    0.000000E+00    0.000000E+00    0.000000E+00    0.000000E+00    0.579932E-19    0.000000E+00    0.720341E-18    0.000000E+00    0.000000E+00    0.000000E+00    0.000000E+00    0.000000E+00    0.000000E+00    0.214758E-15
 1040    0.661090E-08    0.558405E-18    0.462385E-19    0.000000E+00    0.486214E-18    0.000000E+00    0.000000E+00    0.462385E-19    0.187838E-17    0.000000E+00    0.722048E-18    0.000000E+00    0.000000E+00    0.000000E+00    0.000000E+00    0.569299E-19    0.000000E+00    0.553123E-19    0.000000E+00    0.486214E-18    0.722048E-18    0.000000E+00    0.496693E-17    0.000000E+00    0.000000E+00    0.000000E+00    0.000000E+00    0.553123E-19    0.000000E+00    0.687263E-18    0.000000E+00    0.000000E+00    0.000000E+00    0.000000E+00    0.000000E+00    0.000000E+00    0.204896E-15
 1060    0.641200E-08    0.516492E-18    0.431418E-19    0.000000E+00    0.450669E-18    0.000000E+00    0.000000E+00    0.431418E-19    0.178748E-17    0.000000E+00    0.675921E-18    0.000000E+00    0.000000E+00    0.000000E+00    0.000000E+00    0.544050E-19    0.000000E+00    0.528434E-19    0.000000E+00    0.450669E-18    0.675921E-18    0.000000E+00    0.462415E-17    0.000000E+00    0.000000E+00    0.000000E+00    0.000000E+00    0.528434E-19    0.000000E+00    0.656771E-18    0.000000E+00    0.000000E+00    0.000000E+00    0.000000E+00    0.000000E+00    0.000000E+00    0.195573E-15
 1080    0.622240E-08    0.478294E-18    0.401338E-19    0.000000E+00    0.417739E-18    0.000000E+00    0.000000E+00    0.401338E-19    0.170372E-17    0.000000E+00    0.631914E-18    0.000000E+00    0.000000E+00    0.000000E+00    0.000000E+00    0.520763E-19    0.000000E+00    0.505667E-19    0.000000E+00    0.417739E-18    0.631914E-18    0.000000E+00    0.430959E-17    0.000000E+00    0.000000E+00    0.000000E+00    0.000000E+00    0.505667E-19    0.000000E+00    0.628618E-18    0.000000E+00    0.000000E+00    0.000000E+00    0.000000E+00    0.000000E+00    0.000000E+00    0.186733E-15
 1100    0.604140E-08    0.443421E-18    0.372499E-19    0.000000E+00    0.387340E-18    0.000000E+00    0.000000E+00    0.372499E-19    0.162665E-17    0.000000E+00    0.590040E-18    0.000000E+00    0.000000E+00    0.000000E+00    0.000000E+00    0.499252E-19    0.000000E+00    0.484635E-19    0.000000E+00    0.387340E-18    0.590040E-18    0.000000E+00    0.402010E-17    0.000000E+00    0.000000E+00    0.000000E+00    0.000000E+00    0.484635E-19    0.000000E+00    0.602586E-18    0.000000E+00    0.000000E+00    0.000000E+00    0.000000E+00    0.000000E+00    0.000000E+00    0.178331E-15
 1120    0.586870E-08    0.411540E-18    0.345353E-19    0.000000E+00    0.359407E-18    0.000000E+00    0.000000E+00    0.345353E-19    0.155591E-17    0.000000E+00    0.550495E-18    0.000000E+00    0.000000E+00    0.000000E+00    0.000000E+00    0.479355E-19    0.000000E+00    0.465179E-19    0.000000E+00    0.359407E-18    0.550495E-18    0.000000E+00    0.375294E-17    0.000000E+00    0.000000E+00    0.000000E+00    0.000000E+00    0.465179E-19    0.000000E+00    0.578485E-18    0.000000E+00    0.000000E+00    0.000000E+00    0.000000E+00    0.000000E+00    0.000000E+00    0.170326E-15
 1140    0.570370E-08    0.382362E-18    0.320321E-19    0.000000E+00    0.333856E-18    0.000000E+00    0.000000E+00    0.320321E-19    0.149117E-17    0.000000E+00    0.513549E-18    0.000000E+00    0.000000E+00    0.000000E+00    0.000000E+00    0.460930E-19    0.000000E+00    0.447168E-19    0.000000E+00    0.333856E-18    0.513549E-18    0.000000E+00    0.350598E-17    0.000000E+00    0.000000E+00    0.000000E+00    0.000000E+00    0.447168E-19    0.000000E+00    0.556143E-18    0.000000E+00    0.000000E+00    0.000000E+00    0.000000E+00    0.000000E+00    0.000000E+00    0.162683E-15
 1160    0.554610E-08    0.355641E-18    0.297730E-19    0.000000E+00    0.310571E-18    0.000000E+00    0.000000E+00    0.297730E-19    0.143207E-17    0.000000E+00    0.479450E-18    0.000000E+00    0.000000E+00    0.000000E+00    0.000000E+00    0.443846E-19    0.000000E+00    0.430470E-19    0.000000E+00    0.310571E-18    0.479450E-18    0.000000E+00    0.327744E-17    0.000000E+00    0.000000E+00    0.000000E+00    0.000000E+00    0.430470E-19    0.000000E+00    0.535413E-18    0.000000E+00    0.000000E+00    0.000000E+00    0.000000E+00    0.000000E+00    0.000000E+00    0.155376E-15
 1180    0.539550E-08    0.331136E-18    0.277717E-19    0.000000E+00    0.289390E-18    0.000000E+00    0.000000E+00    0.277717E-19    0.137816E-17    0.000000E+00    0.448346E-18    0.000000E+00    0.000000E+00    0.000000E+00    0.000000E+00    0.427988E-19    0.000000E+00    0.414962E-19    0.000000E+00    0.289390E-18    0.448346E-18    0.000000E+00    0.306578E-17    0.000000E+00    0.000000E+00    0.000000E+00    0.000000E+00    0.414962E-19    0.000000E+00    0.516156E-18    0.000000E+00    0.000000E+00    0.000000E+00    0.000000E+00    0.000000E+00    0.000000E+00    0.148379E-15
 1200    0.525140E-08    0.308655E-18    0.260260E-19    0.000000E+00    0.270114E-18    0.000000E+00    0.000000E+00    0.260260E-19    0.132903E-17    0.000000E+00    0.420234E-18    0.000000E+00    0.000000E+00    0.000000E+00    0.000000E+00    0.413252E-19    0.000000E+00    0.400563E-19    0.000000E+00    0.270114E-18    0.420234E-18    0.000000E+00    0.286957E-17    0.000000E+00    0.000000E+00    0.000000E+00    0.000000E+00    0.400563E-19    0.000000E+00    0.498250E-18    0.000000E+00    0.000000E+00    0.000000E+00    0.000000E+00    0.000000E+00    0.000000E+00    0.141676E-15
 1220    0.511350E-08    0.288003E-18    0.245139E-19    0.000000E+00    0.252529E-18    0.000000E+00    0.000000E+00    0.245139E-19    0.128416E-17    0.000000E+00    0.394976E-18    0.000000E+00    0.000000E+00    0.000000E+00    0.000000E+00    0.399544E-19    0.000000E+00    0.387160E-19    0.000000E+00    0.252529E-18    0.394976E-18    0.000000E+00    0.268763E-17    0.000000E+00    0.000000E+00    0.000000E+00    0.000000E+00    0.387160E-19    0.000000E+00    0.481583E-18    0.000000E+00    0.000000E+00    0.000000E+00    0.000000E+00    0.000000E+00    0.000000E+00    0.135251E-15
 1240    0.498140E-08    0.269016E-18    0.231995E-19    0.000000E+00    0.236413E-18    0.000000E+00    0.000000E+00    0.231995E-19    0.124307E-17    0.000000E+00    0.372294E-18    0.000000E+00    0.000000E+00    0.000000E+00    0.000000E+00    0.386780E-19    0.000000E+00    0.374687E-19    0.000000E+00    0.236413E-18    0.372294E-18    0.000000E+00    0.251896E-17    0.000000E+00    0.000000E+00    0.000000E+00    0.000000E+00    0.374687E-19    0.000000E+00    0.466054E-18    0.000000E+00    0.000000E+00    0.000000E+00    0.000000E+00    0.000000E+00    0.000000E+00    0.129093E-15
 1260    0.485490E-08    0.251534E-18    0.220378E-19    0.000000E+00    0.221566E-18    0.000000E+00    0.000000E+00    0.220378E-19    0.120526E-17    0.000000E+00    0.351836E-18    0.000000E+00    0.000000E+00    0.000000E+00    0.000000E+00    0.374884E-19    0.000000E+00    0.363058E-19    0.000000E+00    0.221566E-18    0.351836E-18    0.000000E+00    0.236275E-17    0.000000E+00    0.000000E+00    0.000000E+00    0.000000E+00    0.363058E-19    0.000000E+00    0.451570E-18    0.000000E+00    0.000000E+00    0.000000E+00    0.000000E+00    0.000000E+00    0.000000E+00    0.123194E-15
 1280    0.473350E-08    0.235414E-18    0.209800E-19    0.000000E+00    0.207808E-18    0.000000E+00    0.000000E+00    0.209800E-19    0.117031E-17    0.000000E+00    0.333189E-18    0.000000E+00    0.000000E+00    0.000000E+00    0.000000E+00    0.363786E-19    0.000000E+00    0.352210E-19    0.000000E+00    0.207808E-18    0.333189E-18    0.000000E+00    0.221835E-17    0.000000E+00    0.000000E+00    0.000000E+00    0.000000E+00    0.352210E-19    0.000000E+00    0.438048E-18    0.000000E+00    0.000000E+00    0.000000E+00    0.000000E+00    0.000000E+00    0.000000E+00    0.117544E-15
 1300    0.461700E-08    0.220519E-18    0.199796E-19    0.000000E+00    0.194986E-18    0.000000E+00    0.000000E+00    0.199796E-19    0.113781E-17    0.000000E+00    0.315902E-18    0.000000E+00    0.000000E+00    0.000000E+00    0.000000E+00    0.353424E-19    0.000000E+00    0.342082E-19    0.000000E+00    0.194986E-18    0.315902E-18    0.000000E+00    0.208492E-17    0.000000E+00    0.000000E+00    0.000000E+00    0.000000E+00    0.342082E-19    0.000000E+00    0.425412E-18    0.000000E+00    0.000000E+00    0.000000E+00    0.000000E+00    0.000000E+00    0.000000E+00    0.112138E-15
 1320    0.450520E-08    0.206733E-18    0.189990E-19    0.000000E+00    0.182982E-18    0.000000E+00    0.000000E+00    0.189990E-19    0.110749E-17    0.000000E+00    0.299561E-18    0.000000E+00    0.000000E+00    0.000000E+00    0.000000E+00    0.343742E-19    0.000000E+00    0.332617E-19    0.000000E+00    0.182982E-18    0.299561E-18    0.000000E+00    0.196151E-17    0.000000E+00    0.000000E+00    0.000000E+00    0.000000E+00    0.332617E-19    0.000000E+00    0.413593E-18    0.000000E+00    0.000000E+00    0.000000E+00    0.000000E+00    0.000000E+00    0.000000E+00    0.106967E-15
 1340    0.439760E-08    0.193952E-18    0.180126E-19    0.000000E+00    0.171702E-18    0.000000E+00    0.000000E+00    0.180126E-19    0.107916E-17    0.000000E+00    0.283819E-18    0.000000E+00    0.000000E+00    0.000000E+00    0.000000E+00    0.334690E-19    0.000000E+00    0.323771E-19    0.000000E+00    0.171702E-18    0.283819E-18    0.000000E+00    0.184705E-17    0.000000E+00    0.000000E+00    0.000000E+00    0.000000E+00    0.323771E-19    0.000000E+00    0.402530E-18    0.000000E+00    0.000000E+00    0.000000E+00    0.000000E+00    0.000000E+00    0.000000E+00    0.102026E-15
 1360    0.429410E-08    0.182082E-18    0.170084E-19    0.000000E+00    0.161082E-18    0.000000E+00    0.000000E+00    0.170084E-19    0.105271E-17    0.000000E+00    0.268444E-18    0.000000E+00    0.000000E+00    0.000000E+00    0.000000E+00    0.326222E-19    0.000000E+00    0.315493E-19    0.000000E+00    0.161082E-18    0.268444E-18    0.000000E+00    0.174044E-17    0.000000E+00    0.000000E+00    0.000000E+00    0.000000E+00    0.315493E-19    0.000000E+00    0.392167E-18    0.000000E+00    0.000000E+00    0.000000E+00    0.000000E+00    0.000000E+00    0.000000E+00    0.973078E-16
 1380    0.419450E-08    0.171038E-18    0.159879E-19    0.000000E+00    0.151078E-18    0.000000E+00    0.000000E+00    0.159879E-19    0.102809E-17    0.000000E+00    0.253340E-18    0.000000E+00    0.000000E+00    0.000000E+00    0.000000E+00    0.318296E-19    0.000000E+00    0.307746E-19    0.000000E+00    0.151078E-18    0.253340E-18    0.000000E+00    0.164065E-17    0.000000E+00    0.000000E+00    0.000000E+00    0.000000E+00    0.307746E-19    0.000000E+00    0.382455E-18    0.000000E+00    0.000000E+00    0.000000E+00    0.000000E+00    0.000000E+00    0.000000E+00    0.928055E-16
 1400    0.409850E-08    0.160754E-18    0.149643E-19    0.000000E+00    0.141670E-18    0.000000E+00    0.000000E+00    0.149643E-19    0.100533E-17    0.000000E+00    0.238526E-18    0.000000E+00    0.000000E+00    0.000000E+00    0.000000E+00    0.310877E-19    0.000000E+00    0.300494E-19    0.000000E+00    0.141670E-18    0.238526E-18    0.000000E+00    0.154679E-17    0.000000E+00    0.000000E+00    0.000000E+00    0.000000E+00    0.300494E-19    0.000000E+00    0.373347E-18    0.000000E+00    0.000000E+00    0.000000E+00    0.000000E+00    0.000000E+00    0.000000E+00    0.885124E-16
 1420    0.400600E-08    0.151170E-18    0.139579E-19    0.000000E+00    0.132856E-18    0.000000E+00    0.000000E+00    0.139579E-19    0.984447E-18    0.000000E+00    0.224129E-18    0.000000E+00    0.000000E+00    0.000000E+00    0.000000E+00    0.303930E-19    0.000000E+00    0.293701E-19    0.000000E+00    0.132856E-18    0.224129E-18    0.000000E+00    0.145824E-17    0.000000E+00    0.000000E+00    0.000000E+00    0.000000E+00    0.293701E-19    0.000000E+00    0.364805E-18    0.000000E+00    0.000000E+00    0.000000E+00    0.000000E+00    0.000000E+00    0.000000E+00    0.844217E-16
 1440    0.391670E-08    0.142236E-18    0.129917E-19    0.000000E+00    0.124634E-18    0.000000E+00    0.000000E+00    0.129917E-19    0.965468E-18    0.000000E+00    0.210307E-18    0.000000E+00    0.000000E+00    0.000000E+00    0.000000E+00    0.297425E-19    0.000000E+00    0.287344E-19    0.000000E+00    0.124634E-18    0.210307E-18    0.000000E+00    0.137454E-17    0.000000E+00    0.000000E+00    0.000000E+00    0.000000E+00    0.287344E-19    0.000000E+00    0.356791E-18    0.000000E+00    0.000000E+00    0.000000E+00    0.000000E+00    0.000000E+00    0.000000E+00    0.805273E-16
 1460    0.383050E-08    0.133909E-18    0.120881E-19    0.000000E+00    0.117005E-18    0.000000E+00    0.000000E+00    0.120881E-19    0.948365E-18    0.000000E+00    0.197242E-18    0.000000E+00    0.000000E+00    0.000000E+00    0.000000E+00    0.291335E-19    0.000000E+00    0.281391E-19    0.000000E+00    0.117005E-18    0.197242E-18    0.000000E+00    0.129543E-17    0.000000E+00    0.000000E+00    0.000000E+00    0.000000E+00    0.281391E-19    0.000000E+00    0.349272E-18    0.000000E+00    0.000000E+00    0.000000E+00    0.000000E+00    0.000000E+00    0.000000E+00    0.768223E-16
 1480    0.374730E-08    0.126137E-18    0.112627E-19    0.000000E+00    0.109953E-18    0.000000E+00    0.000000E+00    0.112627E-19    0.932966E-18    0.000000E+00    0.185072E-18    0.000000E+00    0.000000E+00    0.000000E+00    0.000000E+00    0.285632E-19    0.000000E+00    0.275814E-19    0.000000E+00    0.109953E-18    0.185072E-18    0.000000E+00    0.122069E-17    0.000000E+00    0.000000E+00    0.000000E+00    0.000000E+00    0.275814E-19    0.000000E+00    0.342212E-18    0.000000E+00    0.000000E+00    0.000000E+00    0.000000E+00    0.000000E+00    0.000000E+00    0.733001E-16
 1500    0.366680E-08    0.118907E-18    0.105252E-19    0.000000E+00    0.103445E-18    0.000000E+00    0.000000E+00    0.105252E-19    0.919208E-18    0.000000E+00    0.173871E-18    0.000000E+00    0.000000E+00    0.000000E+00    0.000000E+00    0.280298E-19    0.000000E+00    0.270602E-19    0.000000E+00    0.103445E-18    0.173871E-18    0.000000E+00    0.115015E-17    0.000000E+00    0.000000E+00    0.000000E+00    0.000000E+00    0.270602E-19    0.000000E+00    0.335594E-18    0.000000E+00    0.000000E+00    0.000000E+00    0.000000E+00    0.000000E+00    0.000000E+00    0.699553E-16
 1520    0.358910E-08    0.112174E-18    0.987562E-20    0.000000E+00    0.974452E-19    0.000000E+00    0.000000E+00    0.987562E-20    0.906862E-18    0.000000E+00    0.163665E-18    0.000000E+00    0.000000E+00    0.000000E+00    0.000000E+00    0.275312E-19    0.000000E+00    0.265728E-19    0.000000E+00    0.974452E-19    0.163665E-18    0.000000E+00    0.108359E-17    0.000000E+00    0.000000E+00    0.000000E+00    0.000000E+00    0.265728E-19    0.000000E+00    0.329389E-18    0.000000E+00    0.000000E+00    0.000000E+00    0.000000E+00    0.000000E+00    0.000000E+00    0.667814E-16
 1540    0.351380E-08    0.105894E-18    0.930399E-20    0.000000E+00    0.918985E-19    0.000000E+00    0.000000E+00    0.930399E-20    0.895477E-18    0.000000E+00    0.154384E-18    0.000000E+00    0.000000E+00    0.000000E+00    0.000000E+00    0.270646E-19    0.000000E+00    0.261166E-19    0.000000E+00    0.918985E-19    0.154384E-18    0.000000E+00    0.102080E-17    0.000000E+00    0.000000E+00    0.000000E+00    0.000000E+00    0.261166E-19    0.000000E+00    0.323562E-18    0.000000E+00    0.000000E+00    0.000000E+00    0.000000E+00    0.000000E+00    0.000000E+00    0.637718E-16
 1560    0.344110E-08    0.100053E-18    0.879579E-20    0.000000E+00    0.867616E-19    0.000000E+00    0.000000E+00    0.879579E-20    0.884885E-18    0.000000E+00    0.145914E-18    0.000000E+00    0.000000E+00    0.000000E+00    0.000000E+00    0.266290E-19    0.000000E+00    0.256908E-19    0.000000E+00    0.867616E-19    0.145914E-18    0.000000E+00    0.961740E-18    0.000000E+00    0.000000E+00    0.000000E+00    0.000000E+00    0.256908E-19    0.000000E+00    0.318101E-18    0.000000E+00    0.000000E+00    0.000000E+00    0.000000E+00    0.000000E+00    0.000000E+00    0.609210E-16
 1580    0.337070E-08    0.946040E-19    0.832874E-20    0.000000E+00    0.819748E-19    0.000000E+00    0.000000E+00    0.832874E-20    0.874633E-18    0.000000E+00    0.138087E-18    0.000000E+00    0.000000E+00    0.000000E+00    0.000000E+00    0.262221E-19    0.000000E+00    0.252930E-19    0.000000E+00    0.819748E-19    0.138087E-18    0.000000E+00    0.906418E-18    0.000000E+00    0.000000E+00    0.000000E+00    0.000000E+00    0.252930E-19    0.000000E+00    0.312980E-18    0.000000E+00    0.000000E+00    0.000000E+00    0.000000E+00    0.000000E+00    0.000000E+00    0.582219E-16
 1600    0.330250E-08    0.895176E-19    0.788091E-20    0.000000E+00    0.774964E-19    0.000000E+00    0.000000E+00    0.788091E-20    0.864438E-18    0.000000E+00    0.130728E-18    0.000000E+00    0.000000E+00    0.000000E+00    0.000000E+00    0.258422E-19    0.000000E+00    0.249216E-19    0.000000E+00    0.774964E-19    0.130728E-18    0.000000E+00    0.854898E-18    0.000000E+00    0.000000E+00    0.000000E+00    0.000000E+00    0.249216E-19    0.000000E+00    0.308178E-18    0.000000E+00    0.000000E+00    0.000000E+00    0.000000E+00    0.000000E+00    0.000000E+00    0.556677E-16
 1620    0.323650E-08    0.847742E-19    0.743127E-20    0.000000E+00    0.732889E-19    0.000000E+00    0.000000E+00    0.743127E-20    0.854203E-18    0.000000E+00    0.123633E-18    0.000000E+00    0.000000E+00    0.000000E+00    0.000000E+00    0.254886E-19    0.000000E+00    0.245761E-19    0.000000E+00    0.732889E-19    0.123633E-18    0.000000E+00    0.807210E-18    0.000000E+00    0.000000E+00    0.000000E+00    0.000000E+00    0.245761E-19    0.000000E+00    0.303688E-18    0.000000E+00    0.000000E+00    0.000000E+00    0.000000E+00    0.000000E+00    0.000000E+00    0.532529E-16
 1640    0.317260E-08    0.803352E-19    0.696434E-20    0.000000E+00    0.693234E-19    0.000000E+00    0.000000E+00    0.696434E-20    0.843676E-18    0.000000E+00    0.116641E-18    0.000000E+00    0.000000E+00    0.000000E+00    0.000000E+00    0.251593E-19    0.000000E+00    0.242541E-19    0.000000E+00    0.693234E-19    0.116641E-18    0.000000E+00    0.763121E-18    0.000000E+00    0.000000E+00    0.000000E+00    0.000000E+00    0.242541E-19    0.000000E+00    0.299487E-18    0.000000E+00    0.000000E+00    0.000000E+00    0.000000E+00    0.000000E+00    0.000000E+00    0.509699E-16
 1660    0.311070E-08    0.761765E-19    0.647030E-20    0.000000E+00    0.655760E-19    0.000000E+00    0.000000E+00    0.647030E-20    0.832825E-18    0.000000E+00    0.109617E-18    0.000000E+00    0.000000E+00    0.000000E+00    0.000000E+00    0.248533E-19    0.000000E+00    0.239551E-19    0.000000E+00    0.655760E-19    0.109617E-18    0.000000E+00    0.722363E-18    0.000000E+00    0.000000E+00    0.000000E+00    0.000000E+00    0.239551E-19    0.000000E+00    0.295566E-18    0.000000E+00    0.000000E+00    0.000000E+00    0.000000E+00    0.000000E+00    0.000000E+00    0.488124E-16
 1680    0.305080E-08    0.722738E-19    0.594764E-20    0.000000E+00    0.620303E-19    0.000000E+00    0.000000E+00    0.594764E-20    0.821668E-18    0.000000E+00    0.102504E-18    0.000000E+00    0.000000E+00    0.000000E+00    0.000000E+00    0.245694E-19    0.000000E+00    0.236776E-19    0.000000E+00    0.620303E-19    0.102504E-18    0.000000E+00    0.684533E-18    0.000000E+00    0.000000E+00    0.000000E+00    0.000000E+00    0.236776E-19    0.000000E+00    0.291914E-18    0.000000E+00    0.000000E+00    0.000000E+00    0.000000E+00    0.000000E+00    0.000000E+00    0.467737E-16
 1700    0.299270E-08    0.686058E-19    0.540188E-20    0.000000E+00    0.586746E-19    0.000000E+00    0.000000E+00    0.540188E-20    0.810269E-18    0.000000E+00    0.953264E-19    0.000000E+00    0.000000E+00    0.000000E+00    0.000000E+00    0.243068E-19    0.000000E+00    0.234210E-19    0.000000E+00    0.586746E-19    0.953264E-19    0.000000E+00    0.649227E-18    0.000000E+00    0.000000E+00    0.000000E+00    0.000000E+00    0.234210E-19    0.000000E+00    0.288525E-18    0.000000E+00    0.000000E+00    0.000000E+00    0.000000E+00    0.000000E+00    0.000000E+00    0.448473E-16
 1720    0.293640E-08    0.651592E-19    0.484556E-20    0.000000E+00    0.555078E-19    0.000000E+00    0.000000E+00    0.484556E-20    0.798803E-18    0.000000E+00    0.881845E-19    0.000000E+00    0.000000E+00    0.000000E+00    0.000000E+00    0.240650E-19    0.000000E+00    0.231846E-19    0.000000E+00    0.555078E-19    0.881845E-19    0.000000E+00    0.616065E-18    0.000000E+00    0.000000E+00    0.000000E+00    0.000000E+00    0.231846E-19    0.000000E+00    0.285387E-18    0.000000E+00    0.000000E+00    0.000000E+00    0.000000E+00    0.000000E+00    0.000000E+00    0.430281E-16
 1740    0.288180E-08    0.619130E-19    0.429182E-20    0.000000E+00    0.525236E-19    0.000000E+00    0.000000E+00    0.429182E-20    0.787187E-18    0.000000E+00    0.811921E-19    0.000000E+00    0.000000E+00    0.000000E+00    0.000000E+00    0.238430E-19    0.000000E+00    0.229675E-19    0.000000E+00    0.525236E-19    0.811921E-19    0.000000E+00    0.584755E-18    0.000000E+00    0.000000E+00    0.000000E+00    0.000000E+00    0.229675E-19    0.000000E+00    0.282494E-18    0.000000E+00    0.000000E+00    0.000000E+00    0.000000E+00    0.000000E+00    0.000000E+00    0.413092E-16
 1760    0.282880E-08    0.588545E-19    0.375604E-20    0.000000E+00    0.497222E-19    0.000000E+00    0.000000E+00    0.375604E-20    0.775400E-18    0.000000E+00    0.744775E-19    0.000000E+00    0.000000E+00    0.000000E+00    0.000000E+00    0.236403E-19    0.000000E+00    0.227694E-19    0.000000E+00    0.497222E-19    0.744775E-19    0.000000E+00    0.555059E-18    0.000000E+00    0.000000E+00    0.000000E+00    0.000000E+00    0.227694E-19    0.000000E+00    0.279835E-18    0.000000E+00    0.000000E+00    0.000000E+00    0.000000E+00    0.000000E+00    0.000000E+00    0.396853E-16
 1780    0.277740E-08    0.559744E-19    0.325110E-20    0.000000E+00    0.471034E-19    0.000000E+00    0.000000E+00    0.325110E-20    0.763343E-18    0.000000E+00    0.681469E-19    0.000000E+00    0.000000E+00    0.000000E+00    0.000000E+00    0.234564E-19    0.000000E+00    0.225896E-19    0.000000E+00    0.471034E-19    0.681469E-19    0.000000E+00    0.526870E-18    0.000000E+00    0.000000E+00    0.000000E+00    0.000000E+00    0.225896E-19    0.000000E+00    0.277403E-18    0.000000E+00    0.000000E+00    0.000000E+00    0.000000E+00    0.000000E+00    0.000000E+00    0.381513E-16
 1800    0.272760E-08    0.532618E-19    0.278583E-20    0.000000E+00    0.446603E-19    0.000000E+00    0.000000E+00    0.278583E-20    0.750777E-18    0.000000E+00    0.622658E-19    0.000000E+00    0.000000E+00    0.000000E+00    0.000000E+00    0.232909E-19    0.000000E+00    0.224278E-19    0.000000E+00    0.446603E-19    0.622658E-19    0.000000E+00    0.500061E-18    0.000000E+00    0.000000E+00    0.000000E+00    0.000000E+00    0.224278E-19    0.000000E+00    0.275189E-18    0.000000E+00    0.000000E+00    0.000000E+00    0.000000E+00    0.000000E+00    0.000000E+00    0.367020E-16
 1820    0.267920E-08    0.507073E-19    0.236470E-20    0.000000E+00    0.423845E-19    0.000000E+00    0.000000E+00    0.236470E-20    0.737390E-18    0.000000E+00    0.568687E-19    0.000000E+00    0.000000E+00    0.000000E+00    0.000000E+00    0.231433E-19    0.000000E+00    0.222833E-19    0.000000E+00    0.423845E-19    0.568687E-19    0.000000E+00    0.474550E-18    0.000000E+00    0.000000E+00    0.000000E+00    0.000000E+00    0.222833E-19    0.000000E+00    0.273183E-18    0.000000E+00    0.000000E+00    0.000000E+00    0.000000E+00    0.000000E+00    0.000000E+00    0.353326E-16
 1840    0.263220E-08    0.483027E-19    0.198617E-20    0.000000E+00    0.402621E-19    0.000000E+00    0.000000E+00    0.198617E-20    0.722852E-18    0.000000E+00    0.519374E-19    0.000000E+00    0.000000E+00    0.000000E+00    0.000000E+00    0.230131E-19    0.000000E+00    0.221560E-19    0.000000E+00    0.402621E-19    0.519374E-19    0.000000E+00    0.450274E-18    0.000000E+00    0.000000E+00    0.000000E+00    0.000000E+00    0.221560E-19    0.000000E+00    0.271381E-18    0.000000E+00    0.000000E+00    0.000000E+00    0.000000E+00    0.000000E+00    0.000000E+00    0.340386E-16
 1860    0.258660E-08    0.460410E-19    0.164457E-20    0.000000E+00    0.382785E-19    0.000000E+00    0.000000E+00    0.164457E-20    0.706933E-18    0.000000E+00    0.474234E-19    0.000000E+00    0.000000E+00    0.000000E+00    0.000000E+00    0.229004E-19    0.000000E+00    0.220457E-19    0.000000E+00    0.382785E-19    0.474234E-19    0.000000E+00    0.427184E-18    0.000000E+00    0.000000E+00    0.000000E+00    0.000000E+00    0.220457E-19    0.000000E+00    0.269776E-18    0.000000E+00    0.000000E+00    0.000000E+00    0.000000E+00    0.000000E+00    0.000000E+00    0.328158E-16
 1880    0.254220E-08    0.439105E-19    0.133186E-20    0.000000E+00    0.364186E-19    0.000000E+00    0.000000E+00    0.133186E-20    0.689312E-18    0.000000E+00    0.432608E-19    0.000000E+00    0.000000E+00    0.000000E+00    0.000000E+00    0.228042E-19    0.000000E+00    0.219517E-19    0.000000E+00    0.364186E-19    0.432608E-19    0.000000E+00    0.405294E-18    0.000000E+00    0.000000E+00    0.000000E+00    0.000000E+00    0.219517E-19    0.000000E+00    0.268360E-18    0.000000E+00    0.000000E+00    0.000000E+00    0.000000E+00    0.000000E+00    0.000000E+00    0.316599E-16
 1900    0.249910E-08    0.419024E-19    0.103850E-20    0.000000E+00    0.346667E-19    0.000000E+00    0.000000E+00    0.103850E-20    0.669921E-18    0.000000E+00    0.393653E-19    0.000000E+00    0.000000E+00    0.000000E+00    0.000000E+00    0.227245E-19    0.000000E+00    0.218737E-19    0.000000E+00    0.346667E-19    0.393653E-19    0.000000E+00    0.384647E-18    0.000000E+00    0.000000E+00    0.000000E+00    0.000000E+00    0.218737E-19    0.000000E+00    0.267127E-18    0.000000E+00    0.000000E+00    0.000000E+00    0.000000E+00    0.000000E+00    0.000000E+00    0.305665E-16
 1920    0.245710E-08    0.400087E-19    0.756239E-21    0.000000E+00    0.330118E-19    0.000000E+00    0.000000E+00    0.756239E-21    0.648884E-18    0.000000E+00    0.356613E-19    0.000000E+00    0.000000E+00    0.000000E+00    0.000000E+00    0.226607E-19    0.000000E+00    0.218111E-19    0.000000E+00    0.330118E-19    0.356613E-19    0.000000E+00    0.365276E-18    0.000000E+00    0.000000E+00    0.000000E+00    0.000000E+00    0.218111E-19    0.000000E+00    0.266073E-18    0.000000E+00    0.000000E+00    0.000000E+00    0.000000E+00    0.000000E+00    0.000000E+00    0.295324E-16
 1940    0.241630E-08    0.382200E-19    0.479085E-21    0.000000E+00    0.314422E-19    0.000000E+00    0.000000E+00    0.479085E-21    0.626374E-18    0.000000E+00    0.320804E-19    0.000000E+00    0.000000E+00    0.000000E+00    0.000000E+00    0.226130E-19    0.000000E+00    0.217645E-19    0.000000E+00    0.314422E-19    0.320804E-19    0.000000E+00    0.347138E-18    0.000000E+00    0.000000E+00    0.000000E+00    0.000000E+00    0.217645E-19    0.000000E+00    0.265204E-18    0.000000E+00    0.000000E+00    0.000000E+00    0.000000E+00    0.000000E+00    0.000000E+00    0.285535E-16
 1960    0.237650E-08    0.365272E-19    0.205014E-21    0.000000E+00    0.299511E-19    0.000000E+00    0.000000E+00    0.205014E-21    0.602732E-18    0.000000E+00    0.285955E-19    0.000000E+00    0.000000E+00    0.000000E+00    0.000000E+00    0.225809E-19    0.000000E+00    0.217331E-19    0.000000E+00    0.299511E-19    0.285955E-19    0.000000E+00    0.330138E-18    0.000000E+00    0.000000E+00    0.000000E+00    0.000000E+00    0.217331E-19    0.000000E+00    0.264517E-18    0.000000E+00    0.000000E+00    0.000000E+00    0.000000E+00    0.000000E+00    0.000000E+00    0.276268E-16
 1980    0.233790E-08    0.349225E-19   -0.642656E-22    0.000000E+00    0.285330E-19    0.000000E+00    0.000000E+00   -0.642656E-22    0.578337E-18    0.000000E+00    0.252209E-19    0.000000E+00    0.000000E+00    0.000000E+00    0.000000E+00    0.225645E-19    0.000000E+00    0.217169E-19    0.000000E+00    0.285330E-19    0.252209E-19    0.000000E+00    0.314141E-18    0.000000E+00    0.000000E+00    0.000000E+00    0.000000E+00    0.217169E-19    0.000000E+00    0.264016E-18    0.000000E+00    0.000000E+00    0.000000E+00    0.000000E+00    0.000000E+00    0.000000E+00    0.267489E-16
 2000    0.230020E-08    0.333987E-19   -0.323656E-21    0.000000E+00    0.271837E-19    0.000000E+00    0.000000E+00   -0.323656E-21    0.553560E-18    0.000000E+00    0.220080E-19    0.000000E+00    0.000000E+00    0.000000E+00    0.000000E+00    0.225640E-19    0.000000E+00    0.217164E-19    0.000000E+00    0.271837E-19    0.220080E-19    0.000000E+00    0.298993E-18    0.000000E+00    0.000000E+00    0.000000E+00    0.000000E+00    0.217164E-19    0.000000E+00    0.263709E-18    0.000000E+00    0.000000E+00    0.000000E+00    0.000000E+00    0.000000E+00    0.000000E+00    0.259167E-16
 2020    0.226350E-08    0.319503E-19   -0.566409E-21    0.000000E+00    0.259025E-19    0.000000E+00    0.000000E+00   -0.566409E-21    0.528751E-18    0.000000E+00    0.190232E-19    0.000000E+00    0.000000E+00    0.000000E+00    0.000000E+00    0.225794E-19    0.000000E+00    0.217311E-19    0.000000E+00    0.259025E-19    0.190232E-19    0.000000E+00    0.284573E-18    0.000000E+00    0.000000E+00    0.000000E+00    0.000000E+00    0.217311E-19    0.000000E+00    0.263591E-18    0.000000E+00    0.000000E+00    0.000000E+00    0.000000E+00    0.000000E+00    0.000000E+00    0.251277E-16
 2040    0.222770E-08    0.305737E-19   -0.785525E-21    0.000000E+00    0.246884E-19    0.000000E+00    0.000000E+00   -0.785525E-21    0.504152E-18    0.000000E+00    0.163222E-19    0.000000E+00    0.000000E+00    0.000000E+00    0.000000E+00    0.226117E-19    0.000000E+00    0.217622E-19    0.000000E+00    0.246884E-19    0.163222E-19    0.000000E+00    0.270789E-18    0.000000E+00    0.000000E+00    0.000000E+00    0.000000E+00    0.217622E-19    0.000000E+00    0.263669E-18    0.000000E+00    0.000000E+00    0.000000E+00    0.000000E+00    0.000000E+00    0.000000E+00    0.243793E-16
 2060    0.219280E-08    0.292647E-19   -0.974342E-21    0.000000E+00    0.235426E-19    0.000000E+00    0.000000E+00   -0.974342E-21    0.479905E-18    0.000000E+00    0.139434E-19    0.000000E+00    0.000000E+00    0.000000E+00    0.000000E+00    0.226610E-19    0.000000E+00    0.218102E-19    0.000000E+00    0.235426E-19    0.139434E-19    0.000000E+00    0.257594E-18    0.000000E+00    0.000000E+00    0.000000E+00    0.000000E+00    0.218102E-19    0.000000E+00    0.263940E-18    0.000000E+00    0.000000E+00    0.000000E+00    0.000000E+00    0.000000E+00    0.000000E+00    0.236693E-16
 2080    0.215880E-08    0.280204E-19   -0.112818E-20    0.000000E+00    0.224666E-19    0.000000E+00    0.000000E+00   -0.112818E-20    0.456071E-18    0.000000E+00    0.119013E-19    0.000000E+00    0.000000E+00    0.000000E+00    0.000000E+00    0.227275E-19    0.000000E+00    0.218747E-19    0.000000E+00    0.224666E-19    0.119013E-19    0.000000E+00    0.244995E-18    0.000000E+00    0.000000E+00    0.000000E+00    0.000000E+00    0.218747E-19    0.000000E+00    0.264398E-18    0.000000E+00    0.000000E+00    0.000000E+00    0.000000E+00    0.000000E+00    0.000000E+00    0.229954E-16
 2100    0.212570E-08    0.268405E-19   -0.124569E-20    0.000000E+00    0.214589E-19    0.000000E+00    0.000000E+00   -0.124569E-20    0.432717E-18    0.000000E+00    0.101837E-19    0.000000E+00    0.000000E+00    0.000000E+00    0.000000E+00    0.228128E-19    0.000000E+00    0.219577E-19    0.000000E+00    0.214589E-19    0.101837E-19    0.000000E+00    0.232994E-18    0.000000E+00    0.000000E+00    0.000000E+00    0.000000E+00    0.219577E-19    0.000000E+00    0.265058E-18    0.000000E+00    0.000000E+00    0.000000E+00    0.000000E+00    0.000000E+00    0.000000E+00    0.223557E-16
 2120    0.209330E-08    0.257226E-19   -0.132753E-20    0.000000E+00    0.205184E-19    0.000000E+00    0.000000E+00   -0.132753E-20    0.409789E-18    0.000000E+00    0.877252E-20    0.000000E+00    0.000000E+00    0.000000E+00    0.000000E+00    0.229166E-19    0.000000E+00    0.220580E-19    0.000000E+00    0.205184E-19    0.877252E-20    0.000000E+00    0.221604E-18    0.000000E+00    0.000000E+00    0.000000E+00    0.000000E+00    0.220580E-19    0.000000E+00    0.265905E-18    0.000000E+00    0.000000E+00    0.000000E+00    0.000000E+00    0.000000E+00    0.000000E+00    0.217482E-16
 2140    0.206180E-08    0.246659E-19   -0.137752E-20    0.000000E+00    0.196403E-19    0.000000E+00    0.000000E+00   -0.137752E-20    0.387330E-18    0.000000E+00    0.763598E-20    0.000000E+00    0.000000E+00    0.000000E+00    0.000000E+00    0.230400E-19    0.000000E+00    0.221779E-19    0.000000E+00    0.196403E-19    0.763598E-20    0.000000E+00    0.210787E-18    0.000000E+00    0.000000E+00    0.000000E+00    0.000000E+00    0.221779E-19    0.000000E+00    0.266955E-18    0.000000E+00    0.000000E+00    0.000000E+00    0.000000E+00    0.000000E+00    0.000000E+00    0.211713E-16
 2160    0.203100E-08    0.236689E-19   -0.140122E-20    0.000000E+00    0.188202E-19    0.000000E+00    0.000000E+00   -0.140122E-20    0.365347E-18    0.000000E+00    0.673032E-20    0.000000E+00    0.000000E+00    0.000000E+00    0.000000E+00    0.231832E-19    0.000000E+00    0.223169E-19    0.000000E+00    0.188202E-19    0.673032E-20    0.000000E+00    0.200492E-18    0.000000E+00    0.000000E+00    0.000000E+00    0.000000E+00    0.223169E-19    0.000000E+00    0.268204E-18    0.000000E+00    0.000000E+00    0.000000E+00    0.000000E+00    0.000000E+00    0.000000E+00    0.206232E-16
 2180    0.200090E-08    0.227301E-19   -0.140516E-20    0.000000E+00    0.180536E-19    0.000000E+00    0.000000E+00   -0.140516E-20    0.343918E-18    0.000000E+00    0.600681E-20    0.000000E+00    0.000000E+00    0.000000E+00    0.000000E+00    0.233471E-19    0.000000E+00    0.224762E-19    0.000000E+00    0.180536E-19    0.600681E-20    0.000000E+00    0.190683E-18    0.000000E+00    0.000000E+00    0.000000E+00    0.000000E+00    0.224762E-19    0.000000E+00    0.269654E-18    0.000000E+00    0.000000E+00    0.000000E+00    0.000000E+00    0.000000E+00    0.000000E+00    0.201024E-16
 2200    0.197160E-08    0.218473E-19   -0.139593E-20    0.000000E+00    0.173348E-19    0.000000E+00    0.000000E+00   -0.139593E-20    0.323153E-18    0.000000E+00    0.541353E-20    0.000000E+00    0.000000E+00    0.000000E+00    0.000000E+00    0.235318E-19    0.000000E+00    0.226557E-19    0.000000E+00    0.173348E-19    0.541353E-20    0.000000E+00    0.181384E-18    0.000000E+00    0.000000E+00    0.000000E+00    0.000000E+00    0.226557E-19    0.000000E+00    0.271304E-18    0.000000E+00    0.000000E+00    0.000000E+00    0.000000E+00    0.000000E+00    0.000000E+00    0.196074E-16
 2220    0.194290E-08    0.210171E-19   -0.137915E-20    0.000000E+00    0.166577E-19    0.000000E+00    0.000000E+00   -0.137915E-20    0.303164E-18    0.000000E+00    0.490708E-20    0.000000E+00    0.000000E+00    0.000000E+00    0.000000E+00    0.237375E-19    0.000000E+00    0.228553E-19    0.000000E+00    0.166577E-19    0.490708E-20    0.000000E+00    0.172662E-18    0.000000E+00    0.000000E+00    0.000000E+00    0.000000E+00    0.228553E-19    0.000000E+00    0.273157E-18    0.000000E+00    0.000000E+00    0.000000E+00    0.000000E+00    0.000000E+00    0.000000E+00    0.191367E-16
 2240    0.191500E-08    0.202365E-19   -0.135925E-20    0.000000E+00    0.160171E-19    0.000000E+00    0.000000E+00   -0.135925E-20    0.284081E-18    0.000000E+00    0.445328E-20    0.000000E+00    0.000000E+00    0.000000E+00    0.000000E+00    0.239653E-19    0.000000E+00    0.230767E-19    0.000000E+00    0.160171E-19    0.445328E-20    0.000000E+00    0.164565E-18    0.000000E+00    0.000000E+00    0.000000E+00    0.000000E+00    0.230767E-19    0.000000E+00    0.275223E-18    0.000000E+00    0.000000E+00    0.000000E+00    0.000000E+00    0.000000E+00    0.000000E+00    0.186889E-16
 2260    0.188760E-08    0.195020E-19   -0.133900E-20    0.000000E+00    0.154086E-19    0.000000E+00    0.000000E+00   -0.133900E-20    0.266017E-18    0.000000E+00    0.402993E-20    0.000000E+00    0.000000E+00    0.000000E+00    0.000000E+00    0.242154E-19    0.000000E+00    0.233201E-19    0.000000E+00    0.154086E-19    0.402993E-20    0.000000E+00    0.157102E-18    0.000000E+00    0.000000E+00    0.000000E+00    0.000000E+00    0.233201E-19    0.000000E+00    0.277522E-18    0.000000E+00    0.000000E+00    0.000000E+00    0.000000E+00    0.000000E+00    0.000000E+00    0.182629E-16
 2280    0.186100E-08    0.188100E-19   -0.131945E-20    0.000000E+00    0.148305E-19    0.000000E+00    0.000000E+00   -0.131945E-20    0.249046E-18    0.000000E+00    0.362789E-20    0.000000E+00    0.000000E+00    0.000000E+00    0.000000E+00    0.244887E-19    0.000000E+00    0.235855E-19    0.000000E+00    0.148305E-19    0.362789E-20    0.000000E+00    0.150237E-18    0.000000E+00    0.000000E+00    0.000000E+00    0.000000E+00    0.235855E-19    0.000000E+00    0.280070E-18    0.000000E+00    0.000000E+00    0.000000E+00    0.000000E+00    0.000000E+00    0.000000E+00    0.178576E-16
 2300    0.183490E-08    0.181570E-19   -0.130057E-20    0.000000E+00    0.142805E-19    0.000000E+00    0.000000E+00   -0.130057E-20    0.233215E-18    0.000000E+00    0.324919E-20    0.000000E+00    0.000000E+00    0.000000E+00    0.000000E+00    0.247861E-19    0.000000E+00    0.238743E-19    0.000000E+00    0.142805E-19    0.324919E-20    0.000000E+00    0.143902E-18    0.000000E+00    0.000000E+00    0.000000E+00    0.000000E+00    0.238743E-19    0.000000E+00    0.282907E-18    0.000000E+00    0.000000E+00    0.000000E+00    0.000000E+00    0.000000E+00    0.000000E+00    0.174720E-16
 2320    0.180940E-08    0.175396E-19   -0.128124E-20    0.000000E+00    0.137582E-19    0.000000E+00    0.000000E+00   -0.128124E-20    0.218511E-18    0.000000E+00    0.290531E-20    0.000000E+00    0.000000E+00    0.000000E+00    0.000000E+00    0.251091E-19    0.000000E+00    0.241879E-19    0.000000E+00    0.137582E-19    0.290531E-20    0.000000E+00    0.138028E-18    0.000000E+00    0.000000E+00    0.000000E+00    0.000000E+00    0.241879E-19    0.000000E+00    0.286073E-18    0.000000E+00    0.000000E+00    0.000000E+00    0.000000E+00    0.000000E+00    0.000000E+00    0.171053E-16
 2340    0.178450E-08    0.169547E-19   -0.126017E-20    0.000000E+00    0.132625E-19    0.000000E+00    0.000000E+00   -0.126017E-20    0.204909E-18    0.000000E+00    0.260933E-20    0.000000E+00    0.000000E+00    0.000000E+00    0.000000E+00    0.254589E-19    0.000000E+00    0.245270E-19    0.000000E+00    0.132625E-19    0.260933E-20    0.000000E+00    0.132526E-18    0.000000E+00    0.000000E+00    0.000000E+00    0.000000E+00    0.245270E-19    0.000000E+00    0.289594E-18    0.000000E+00    0.000000E+00    0.000000E+00    0.000000E+00    0.000000E+00    0.000000E+00    0.167568E-16
 2360    0.176010E-08    0.164005E-19   -0.123610E-20    0.000000E+00    0.127942E-19    0.000000E+00    0.000000E+00   -0.123610E-20    0.192351E-18    0.000000E+00    0.237147E-20    0.000000E+00    0.000000E+00    0.000000E+00    0.000000E+00    0.258377E-19    0.000000E+00    0.248942E-19    0.000000E+00    0.127942E-19    0.237147E-20    0.000000E+00    0.127329E-18    0.000000E+00    0.000000E+00    0.000000E+00    0.000000E+00    0.248942E-19    0.000000E+00    0.293493E-18    0.000000E+00    0.000000E+00    0.000000E+00    0.000000E+00    0.000000E+00    0.000000E+00    0.164258E-16
 2380    0.173630E-08    0.158745E-19   -0.120812E-20    0.000000E+00    0.123531E-19    0.000000E+00    0.000000E+00   -0.120812E-20    0.180766E-18    0.000000E+00    0.219439E-20    0.000000E+00    0.000000E+00    0.000000E+00    0.000000E+00    0.262476E-19    0.000000E+00    0.252909E-19    0.000000E+00    0.123531E-19    0.219439E-20    0.000000E+00    0.122395E-18    0.000000E+00    0.000000E+00    0.000000E+00    0.000000E+00    0.252909E-19    0.000000E+00    0.297792E-18    0.000000E+00    0.000000E+00    0.000000E+00    0.000000E+00    0.000000E+00    0.000000E+00    0.161119E-16
 2400    0.171300E-08    0.153756E-19   -0.117603E-20    0.000000E+00    0.119394E-19    0.000000E+00    0.000000E+00   -0.117603E-20    0.170079E-18    0.000000E+00    0.207335E-20    0.000000E+00    0.000000E+00    0.000000E+00    0.000000E+00    0.266896E-19    0.000000E+00    0.257181E-19    0.000000E+00    0.119394E-19    0.207335E-20    0.000000E+00    0.117695E-18    0.000000E+00    0.000000E+00    0.000000E+00    0.000000E+00    0.257181E-19    0.000000E+00    0.302497E-18    0.000000E+00    0.000000E+00    0.000000E+00    0.000000E+00    0.000000E+00    0.000000E+00    0.158147E-16
 2420    0.169030E-08    0.149035E-19   -0.114036E-20    0.000000E+00    0.115524E-19    0.000000E+00    0.000000E+00   -0.114036E-20    0.160210E-18    0.000000E+00    0.199967E-20    0.000000E+00    0.000000E+00    0.000000E+00    0.000000E+00    0.271667E-19    0.000000E+00    0.261800E-19    0.000000E+00    0.115524E-19    0.199967E-20    0.000000E+00    0.113206E-18    0.000000E+00    0.000000E+00    0.000000E+00    0.000000E+00    0.261800E-19    0.000000E+00    0.307633E-18    0.000000E+00    0.000000E+00    0.000000E+00    0.000000E+00    0.000000E+00    0.000000E+00    0.155337E-16
 2440    0.166800E-08    0.144560E-19   -0.110192E-20    0.000000E+00    0.111910E-19    0.000000E+00    0.000000E+00   -0.110192E-20    0.151093E-18    0.000000E+00    0.196163E-20    0.000000E+00    0.000000E+00    0.000000E+00    0.000000E+00    0.276792E-19    0.000000E+00    0.266753E-19    0.000000E+00    0.111910E-19    0.196163E-20    0.000000E+00    0.108910E-18    0.000000E+00    0.000000E+00    0.000000E+00    0.000000E+00    0.266753E-19    0.000000E+00    0.313177E-18    0.000000E+00    0.000000E+00    0.000000E+00    0.000000E+00    0.000000E+00    0.000000E+00    0.152687E-16
 2460    0.164620E-08    0.140339E-19   -0.106210E-20    0.000000E+00    0.108545E-19    0.000000E+00    0.000000E+00   -0.106210E-20    0.142670E-18    0.000000E+00    0.194722E-20    0.000000E+00    0.000000E+00    0.000000E+00    0.000000E+00    0.282295E-19    0.000000E+00    0.272070E-19    0.000000E+00    0.108545E-19    0.194722E-20    0.000000E+00    0.104793E-18    0.000000E+00    0.000000E+00    0.000000E+00    0.000000E+00    0.272070E-19    0.000000E+00    0.319152E-18    0.000000E+00    0.000000E+00    0.000000E+00    0.000000E+00    0.000000E+00    0.000000E+00    0.150194E-16
 2480    0.162480E-08    0.136355E-19   -0.102220E-20    0.000000E+00    0.105417E-19    0.000000E+00    0.000000E+00   -0.102220E-20    0.134893E-18    0.000000E+00    0.194514E-20    0.000000E+00    0.000000E+00    0.000000E+00    0.000000E+00    0.288183E-19    0.000000E+00    0.277753E-19    0.000000E+00    0.105417E-19    0.194514E-20    0.000000E+00    0.100840E-18    0.000000E+00    0.000000E+00    0.000000E+00    0.000000E+00    0.277753E-19    0.000000E+00    0.325538E-18    0.000000E+00    0.000000E+00    0.000000E+00    0.000000E+00    0.000000E+00    0.000000E+00    0.147856E-16
 2500    0.160390E-08    0.132600E-19   -0.983448E-21    0.000000E+00    0.102499E-19    0.000000E+00    0.000000E+00   -0.983448E-21    0.127719E-18    0.000000E+00    0.194592E-20    0.000000E+00    0.000000E+00    0.000000E+00    0.000000E+00    0.294449E-19    0.000000E+00    0.283796E-19    0.000000E+00    0.102499E-19    0.194592E-20    0.000000E+00    0.970563E-19    0.000000E+00    0.000000E+00    0.000000E+00    0.000000E+00    0.283796E-19    0.000000E+00    0.332349E-18    0.000000E+00    0.000000E+00    0.000000E+00    0.000000E+00    0.000000E+00    0.000000E+00    0.145671E-16
 2520    0.158350E-08    0.129064E-19   -0.946860E-21    0.000000E+00    0.997690E-20    0.000000E+00    0.000000E+00   -0.946860E-21    0.121115E-18    0.000000E+00    0.194336E-20    0.000000E+00    0.000000E+00    0.000000E+00    0.000000E+00    0.301111E-19    0.000000E+00    0.290230E-19    0.000000E+00    0.997690E-20    0.194336E-20    0.000000E+00    0.934419E-19    0.000000E+00    0.000000E+00    0.000000E+00    0.000000E+00    0.290230E-19    0.000000E+00    0.339579E-18    0.000000E+00    0.000000E+00    0.000000E+00    0.000000E+00    0.000000E+00    0.000000E+00    0.143640E-16
 2540    0.156340E-08    0.125733E-19   -0.912910E-21    0.000000E+00    0.972125E-20    0.000000E+00    0.000000E+00   -0.912910E-21    0.115049E-18    0.000000E+00    0.193426E-20    0.000000E+00    0.000000E+00    0.000000E+00    0.000000E+00    0.308170E-19    0.000000E+00    0.297053E-19    0.000000E+00    0.972125E-20    0.193426E-20    0.000000E+00    0.900191E-19    0.000000E+00    0.000000E+00    0.000000E+00    0.000000E+00    0.297053E-19    0.000000E+00    0.347227E-18    0.000000E+00    0.000000E+00    0.000000E+00    0.000000E+00    0.000000E+00    0.000000E+00    0.141762E-16
 2560    0.154380E-08    0.122582E-19   -0.881612E-21    0.000000E+00    0.948141E-20    0.000000E+00    0.000000E+00   -0.881612E-21    0.109491E-18    0.000000E+00    0.191809E-20    0.000000E+00    0.000000E+00    0.000000E+00    0.000000E+00    0.315588E-19    0.000000E+00    0.304211E-19    0.000000E+00    0.948141E-20    0.191809E-20    0.000000E+00    0.867825E-19    0.000000E+00    0.000000E+00    0.000000E+00    0.000000E+00    0.304211E-19    0.000000E+00    0.355276E-18    0.000000E+00    0.000000E+00    0.000000E+00    0.000000E+00    0.000000E+00    0.000000E+00    0.140037E-16
 2580    0.152460E-08    0.119604E-19   -0.852622E-21    0.000000E+00    0.925704E-20    0.000000E+00    0.000000E+00   -0.852622E-21    0.104413E-18    0.000000E+00    0.189759E-20    0.000000E+00    0.000000E+00    0.000000E+00    0.000000E+00    0.323392E-19    0.000000E+00    0.311747E-19    0.000000E+00    0.925704E-20    0.189759E-20    0.000000E+00    0.837083E-19    0.000000E+00    0.000000E+00    0.000000E+00    0.000000E+00    0.311747E-19    0.000000E+00    0.363773E-18    0.000000E+00    0.000000E+00    0.000000E+00    0.000000E+00    0.000000E+00    0.000000E+00    0.138470E-16
 2600    0.150580E-08    0.116778E-19   -0.825306E-21    0.000000E+00    0.904773E-20    0.000000E+00    0.000000E+00   -0.825306E-21    0.997860E-19    0.000000E+00    0.187705E-20    0.000000E+00    0.000000E+00    0.000000E+00    0.000000E+00    0.331575E-19    0.000000E+00    0.319652E-19    0.000000E+00    0.904773E-20    0.187705E-20    0.000000E+00    0.807703E-19    0.000000E+00    0.000000E+00    0.000000E+00    0.000000E+00    0.319652E-19    0.000000E+00    0.372717E-18    0.000000E+00    0.000000E+00    0.000000E+00    0.000000E+00    0.000000E+00    0.000000E+00    0.137064E-16
 2620    0.148730E-08    0.114098E-19   -0.799039E-21    0.000000E+00    0.885316E-20    0.000000E+00    0.000000E+00   -0.799039E-21    0.955793E-19    0.000000E+00    0.186016E-20    0.000000E+00    0.000000E+00    0.000000E+00    0.000000E+00    0.340136E-19    0.000000E+00    0.327932E-19    0.000000E+00    0.885316E-20    0.186016E-20    0.000000E+00    0.779429E-19    0.000000E+00    0.000000E+00    0.000000E+00    0.000000E+00    0.327932E-19    0.000000E+00    0.382106E-18    0.000000E+00    0.000000E+00    0.000000E+00    0.000000E+00    0.000000E+00    0.000000E+00    0.135825E-16
 2640    0.146920E-08    0.111545E-19   -0.773272E-21    0.000000E+00    0.867321E-20    0.000000E+00    0.000000E+00   -0.773272E-21    0.917611E-19    0.000000E+00    0.184866E-20    0.000000E+00    0.000000E+00    0.000000E+00    0.000000E+00    0.349042E-19    0.000000E+00    0.336525E-19    0.000000E+00    0.867321E-20    0.184866E-20    0.000000E+00    0.752136E-19    0.000000E+00    0.000000E+00    0.000000E+00    0.000000E+00    0.336525E-19    0.000000E+00    0.391829E-18    0.000000E+00    0.000000E+00    0.000000E+00    0.000000E+00    0.000000E+00    0.000000E+00    0.134757E-16
 2660    0.145150E-08    0.109127E-19   -0.747491E-21    0.000000E+00    0.850810E-20    0.000000E+00    0.000000E+00   -0.747491E-21    0.883045E-19    0.000000E+00    0.184331E-20    0.000000E+00    0.000000E+00    0.000000E+00    0.000000E+00    0.358306E-19    0.000000E+00    0.345468E-19    0.000000E+00    0.850810E-20    0.184331E-20    0.000000E+00    0.725948E-19    0.000000E+00    0.000000E+00    0.000000E+00    0.000000E+00    0.345468E-19    0.000000E+00    0.401913E-18    0.000000E+00    0.000000E+00    0.000000E+00    0.000000E+00    0.000000E+00    0.000000E+00    0.133868E-16
 2680    0.143410E-08    0.106850E-19   -0.721542E-21    0.000000E+00    0.835687E-20    0.000000E+00    0.000000E+00   -0.721542E-21    0.851851E-19    0.000000E+00    0.184346E-20    0.000000E+00    0.000000E+00    0.000000E+00    0.000000E+00    0.367932E-19    0.000000E+00    0.354790E-19    0.000000E+00    0.835687E-20    0.184346E-20    0.000000E+00    0.701126E-19    0.000000E+00    0.000000E+00    0.000000E+00    0.000000E+00    0.354790E-19    0.000000E+00    0.412408E-18    0.000000E+00    0.000000E+00    0.000000E+00    0.000000E+00    0.000000E+00    0.000000E+00    0.133169E-16
 2700    0.141700E-08    0.104716E-19   -0.695659E-21    0.000000E+00    0.821948E-20    0.000000E+00    0.000000E+00   -0.695659E-21    0.823775E-19    0.000000E+00    0.184783E-20    0.000000E+00    0.000000E+00    0.000000E+00    0.000000E+00    0.377836E-19    0.000000E+00    0.364372E-19    0.000000E+00    0.821948E-20    0.184783E-20    0.000000E+00    0.678038E-19    0.000000E+00    0.000000E+00    0.000000E+00    0.000000E+00    0.364372E-19    0.000000E+00    0.423233E-18    0.000000E+00    0.000000E+00    0.000000E+00    0.000000E+00    0.000000E+00    0.000000E+00    0.132668E-16
 2720    0.140030E-08    0.102759E-19   -0.670333E-21    0.000000E+00    0.809542E-20    0.000000E+00    0.000000E+00   -0.670333E-21    0.798654E-19    0.000000E+00    0.185650E-20    0.000000E+00    0.000000E+00    0.000000E+00    0.000000E+00    0.388014E-19    0.000000E+00    0.374226E-19    0.000000E+00    0.809542E-20    0.185650E-20    0.000000E+00    0.657213E-19    0.000000E+00    0.000000E+00    0.000000E+00    0.000000E+00    0.374226E-19    0.000000E+00    0.434501E-18    0.000000E+00    0.000000E+00    0.000000E+00    0.000000E+00    0.000000E+00    0.000000E+00    0.132379E-16
 2740    0.138390E-08    0.100993E-19   -0.646397E-21    0.000000E+00    0.798384E-20    0.000000E+00    0.000000E+00   -0.646397E-21    0.776336E-19    0.000000E+00    0.186839E-20    0.000000E+00    0.000000E+00    0.000000E+00    0.000000E+00    0.398353E-19    0.000000E+00    0.384227E-19    0.000000E+00    0.798384E-20    0.186839E-20    0.000000E+00    0.639073E-19    0.000000E+00    0.000000E+00    0.000000E+00    0.000000E+00    0.384227E-19    0.000000E+00    0.446182E-18    0.000000E+00    0.000000E+00    0.000000E+00    0.000000E+00    0.000000E+00    0.000000E+00    0.132313E-16
 2760    0.136780E-08    0.994426E-20   -0.624569E-21    0.000000E+00    0.788466E-20    0.000000E+00    0.000000E+00   -0.624569E-21    0.756722E-19    0.000000E+00    0.188339E-20    0.000000E+00    0.000000E+00    0.000000E+00    0.000000E+00    0.408761E-19    0.000000E+00    0.394307E-19    0.000000E+00    0.788466E-20    0.188339E-20    0.000000E+00    0.623845E-19    0.000000E+00    0.000000E+00    0.000000E+00    0.000000E+00    0.394307E-19    0.000000E+00    0.458280E-18    0.000000E+00    0.000000E+00    0.000000E+00    0.000000E+00    0.000000E+00    0.000000E+00    0.132486E-16
 2780    0.135200E-08    0.981409E-20   -0.605774E-21    0.000000E+00    0.779993E-20    0.000000E+00    0.000000E+00   -0.605774E-21    0.739720E-19    0.000000E+00    0.189929E-20    0.000000E+00    0.000000E+00    0.000000E+00    0.000000E+00    0.419089E-19    0.000000E+00    0.404306E-19    0.000000E+00    0.779993E-20    0.189929E-20    0.000000E+00    0.611423E-19    0.000000E+00    0.000000E+00    0.000000E+00    0.000000E+00    0.404306E-19    0.000000E+00    0.470611E-18    0.000000E+00    0.000000E+00    0.000000E+00    0.000000E+00    0.000000E+00    0.000000E+00    0.132916E-16
 2800    0.133650E-08    0.971096E-20   -0.590583E-21    0.000000E+00    0.773262E-20    0.000000E+00    0.000000E+00   -0.590583E-21    0.725269E-19    0.000000E+00    0.191228E-20    0.000000E+00    0.000000E+00    0.000000E+00    0.000000E+00    0.429174E-19    0.000000E+00    0.414086E-19    0.000000E+00    0.773262E-20    0.191228E-20    0.000000E+00    0.601210E-19    0.000000E+00    0.000000E+00    0.000000E+00    0.000000E+00    0.414086E-19    0.000000E+00    0.483021E-18    0.000000E+00    0.000000E+00    0.000000E+00    0.000000E+00    0.000000E+00    0.000000E+00    0.133622E-16
 2820    0.132130E-08    0.963824E-20   -0.579511E-21    0.000000E+00    0.768536E-20    0.000000E+00    0.000000E+00   -0.579511E-21    0.713321E-19    0.000000E+00    0.191900E-20    0.000000E+00    0.000000E+00    0.000000E+00    0.000000E+00    0.438852E-19    0.000000E+00    0.423496E-19    0.000000E+00    0.768536E-20    0.191900E-20    0.000000E+00    0.592821E-19    0.000000E+00    0.000000E+00    0.000000E+00    0.000000E+00    0.423496E-19    0.000000E+00    0.495258E-18    0.000000E+00    0.000000E+00    0.000000E+00    0.000000E+00    0.000000E+00    0.000000E+00    0.134630E-16
 2840    0.130640E-08    0.959783E-20   -0.572775E-21    0.000000E+00    0.765913E-20    0.000000E+00    0.000000E+00   -0.572775E-21    0.703853E-19    0.000000E+00    0.192034E-20    0.000000E+00    0.000000E+00    0.000000E+00    0.000000E+00    0.447932E-19    0.000000E+00    0.432333E-19    0.000000E+00    0.765913E-20    0.192034E-20    0.000000E+00    0.586810E-19    0.000000E+00    0.000000E+00    0.000000E+00    0.000000E+00    0.432333E-19    0.000000E+00    0.506986E-18    0.000000E+00    0.000000E+00    0.000000E+00    0.000000E+00    0.000000E+00    0.000000E+00    0.135965E-16
 2860    0.129170E-08    0.959179E-20   -0.570221E-21    0.000000E+00    0.765346E-20    0.000000E+00    0.000000E+00   -0.570221E-21    0.696830E-19    0.000000E+00    0.192035E-20    0.000000E+00    0.000000E+00    0.000000E+00    0.000000E+00    0.456254E-19    0.000000E+00    0.440485E-19    0.000000E+00    0.765346E-20    0.192035E-20    0.000000E+00    0.584050E-19    0.000000E+00    0.000000E+00    0.000000E+00    0.000000E+00    0.440485E-19    0.000000E+00    0.517966E-18    0.000000E+00    0.000000E+00    0.000000E+00    0.000000E+00    0.000000E+00    0.000000E+00    0.137659E-16
 2880    0.127740E-08    0.962294E-20   -0.571598E-21    0.000000E+00    0.766805E-20    0.000000E+00    0.000000E+00   -0.571598E-21    0.692196E-19    0.000000E+00    0.192224E-20    0.000000E+00    0.000000E+00    0.000000E+00    0.000000E+00    0.463662E-19    0.000000E+00    0.447789E-19    0.000000E+00    0.766805E-20    0.192224E-20    0.000000E+00    0.585175E-19    0.000000E+00    0.000000E+00    0.000000E+00    0.000000E+00    0.447789E-19    0.000000E+00    0.527976E-18    0.000000E+00    0.000000E+00    0.000000E+00    0.000000E+00    0.000000E+00    0.000000E+00    0.139748E-16
 2900    0.126320E-08    0.969295E-20   -0.576524E-21    0.000000E+00    0.770512E-20    0.000000E+00    0.000000E+00   -0.576524E-21    0.689933E-19    0.000000E+00    0.192919E-20    0.000000E+00    0.000000E+00    0.000000E+00    0.000000E+00    0.470041E-19    0.000000E+00    0.454136E-19    0.000000E+00    0.770512E-20    0.192919E-20    0.000000E+00    0.590498E-19    0.000000E+00    0.000000E+00    0.000000E+00    0.000000E+00    0.454136E-19    0.000000E+00    0.536767E-18    0.000000E+00    0.000000E+00    0.000000E+00    0.000000E+00    0.000000E+00    0.000000E+00    0.142270E-16
 2920    0.124940E-08    0.980404E-20   -0.584412E-21    0.000000E+00    0.776613E-20    0.000000E+00    0.000000E+00   -0.584412E-21    0.689995E-19    0.000000E+00    0.194340E-20    0.000000E+00    0.000000E+00    0.000000E+00    0.000000E+00    0.475293E-19    0.000000E+00    0.459424E-19    0.000000E+00    0.776613E-20    0.194340E-20    0.000000E+00    0.600137E-19    0.000000E+00    0.000000E+00    0.000000E+00    0.000000E+00    0.459424E-19    0.000000E+00    0.544182E-18    0.000000E+00    0.000000E+00    0.000000E+00    0.000000E+00    0.000000E+00    0.000000E+00    0.145264E-16
 2940    0.123570E-08    0.995890E-20   -0.595131E-21    0.000000E+00    0.785350E-20    0.000000E+00    0.000000E+00   -0.595131E-21    0.692417E-19    0.000000E+00    0.196529E-20    0.000000E+00    0.000000E+00    0.000000E+00    0.000000E+00    0.479396E-19    0.000000E+00    0.463645E-19    0.000000E+00    0.785350E-20    0.196529E-20    0.000000E+00    0.614019E-19    0.000000E+00    0.000000E+00    0.000000E+00    0.000000E+00    0.463645E-19    0.000000E+00    0.550071E-18    0.000000E+00    0.000000E+00    0.000000E+00    0.000000E+00    0.000000E+00    0.000000E+00    0.148779E-16
 2960    0.122230E-08    0.101601E-19   -0.608655E-21    0.000000E+00    0.796946E-20    0.000000E+00    0.000000E+00   -0.608655E-21    0.697173E-19    0.000000E+00    0.199430E-20    0.000000E+00    0.000000E+00    0.000000E+00    0.000000E+00    0.482337E-19    0.000000E+00    0.466780E-19    0.000000E+00    0.796946E-20    0.199430E-20    0.000000E+00    0.632156E-19    0.000000E+00    0.000000E+00    0.000000E+00    0.000000E+00    0.466780E-19    0.000000E+00    0.554381E-18    0.000000E+00    0.000000E+00    0.000000E+00    0.000000E+00    0.000000E+00    0.000000E+00    0.152858E-16
 2980    0.120920E-08    0.104114E-19   -0.625470E-21    0.000000E+00    0.811498E-20    0.000000E+00    0.000000E+00   -0.625470E-21    0.704303E-19    0.000000E+00    0.202947E-20    0.000000E+00    0.000000E+00    0.000000E+00    0.000000E+00    0.484181E-19    0.000000E+00    0.468878E-19    0.000000E+00    0.811498E-20    0.202947E-20    0.000000E+00    0.654733E-19    0.000000E+00    0.000000E+00    0.000000E+00    0.000000E+00    0.468878E-19    0.000000E+00    0.557166E-18    0.000000E+00    0.000000E+00    0.000000E+00    0.000000E+00    0.000000E+00    0.000000E+00    0.157548E-16
 3000    0.119630E-08    0.107138E-19   -0.646354E-21    0.000000E+00    0.828810E-20    0.000000E+00    0.000000E+00   -0.646354E-21    0.713830E-19    0.000000E+00    0.206906E-20    0.000000E+00    0.000000E+00    0.000000E+00    0.000000E+00    0.485042E-19    0.000000E+00    0.470046E-19    0.000000E+00    0.828810E-20    0.206906E-20    0.000000E+00    0.682359E-19    0.000000E+00    0.000000E+00    0.000000E+00    0.000000E+00    0.470046E-19    0.000000E+00    0.558630E-18    0.000000E+00    0.000000E+00    0.000000E+00    0.000000E+00    0.000000E+00    0.000000E+00    0.162889E-16
