   20    0.136850E-06    0.147950E-11    0.177687E-13    0.000000E+00    0.121860E-12    0.000000E+00    0.000000E+00    0.177687E-13    0.956644E-12    0.000000E+00    0.185375E-12    0.000000E+00    0.000000E+00    0.000000E+00    0.000000E+00    0.394546E-12    0.000000E+00    0.388320E-12    0.000000E+00    0.121860E-12    0.185375E-12    0.000000E+00    0.148080E-11    0.000000E+00    0.000000E+00    0.000000E+00    0.000000E+00    0.388320E-12    0.000000E+00    0.414438E-11    0.000000E+00    0.000000E+00    0.000000E+00    0.000000E+00    0.000000E+00    0.000000E+00    0.227182E-09
   40    0.143960E-06    0.937573E-13    0.118094E-14    0.000000E+00    0.794681E-14    0.000000E+00    0.000000E+00    0.118094E-14    0.615616E-13    0.000000E+00    0.117314E-13    0.000000E+00    0.000000E+00    0.000000E+00    0.000000E+00    0.246698E-13    0.000000E+00    0.242827E-13    0.000000E+00    0.794681E-14    0.117314E-13    0.000000E+00    0.954521E-13    0.000000E+00    0.000000E+00    0.000000E+00    0.000000E+00    0.242827E-13    0.000000E+00    0.258764E-12    0.000000E+00    0.000000E+00    0.000000E+00    0.000000E+00    0.000000E+00    0.000000E+00    0.144426E-10
   60    0.133580E-06    0.188007E-13    0.254058E-15    0.000000E+00    0.167949E-14    0.000000E+00    0.000000E+00    0.254058E-15    0.127015E-13    0.000000E+00    0.235678E-14    0.000000E+00    0.000000E+00    0.000000E+00    0.000000E+00    0.487985E-14    0.000000E+00    0.480380E-14    0.000000E+00    0.167949E-14    0.235678E-14    0.000000E+00    0.197885E-13    0.000000E+00    0.000000E+00    0.000000E+00    0.000000E+00    0.480380E-14    0.000000E+00    0.510996E-13    0.000000E+00    0.000000E+00    0.000000E+00    0.000000E+00    0.000000E+00    0.000000E+00    0.291201E-11
   80    0.119520E-06    0.605609E-14    0.882303E-16    0.000000E+00    0.582491E-15    0.000000E+00    0.000000E+00    0.882303E-16    0.426358E-14    0.000000E+00    0.763325E-15    0.000000E+00    0.000000E+00    0.000000E+00    0.000000E+00    0.154762E-14    0.000000E+00    0.152362E-14    0.000000E+00    0.582491E-15    0.763325E-15    0.000000E+00    0.670667E-14    0.000000E+00    0.000000E+00    0.000000E+00    0.000000E+00    0.152362E-14    0.000000E+00    0.162107E-13    0.000000E+00    0.000000E+00    0.000000E+00    0.000000E+00    0.000000E+00    0.000000E+00    0.944048E-12
  100    0.105720E-06    0.253278E-14    0.394123E-16    0.000000E+00    0.267423E-15    0.000000E+00    0.000000E+00    0.394123E-16    0.188144E-14    0.000000E+00    0.322976E-15    0.000000E+00    0.000000E+00    0.000000E+00    0.000000E+00    0.635768E-15    0.000000E+00    0.625932E-15    0.000000E+00    0.267423E-15    0.322976E-15    0.000000E+00    0.300785E-14    0.000000E+00    0.000000E+00    0.000000E+00    0.000000E+00    0.625932E-15    0.000000E+00    0.668053E-14    0.000000E+00    0.000000E+00    0.000000E+00    0.000000E+00    0.000000E+00    0.000000E+00    0.397367E-12
  120    0.933800E-07    0.125053E-14    0.204303E-16    0.000000E+00    0.147632E-15    0.000000E+00    0.000000E+00    0.204303E-16    0.992037E-15    0.000000E+00    0.163123E-15    0.000000E+00    0.000000E+00    0.000000E+00    0.000000E+00    0.307577E-15    0.000000E+00    0.302819E-15    0.000000E+00    0.147632E-15    0.163123E-15    0.000000E+00    0.162524E-14    0.000000E+00    0.000000E+00    0.000000E+00    0.000000E+00    0.302819E-15    0.000000E+00    0.324769E-14    0.000000E+00    0.000000E+00    0.000000E+00    0.000000E+00    0.000000E+00    0.000000E+00    0.197334E-12
  140    0.827350E-07    0.692715E-15    0.116928E-16    0.000000E+00    0.931644E-16    0.000000E+00    0.000000E+00    0.116928E-16    0.593537E-15    0.000000E+00    0.941393E-16    0.000000E+00    0.000000E+00    0.000000E+00    0.000000E+00    0.166556E-15    0.000000E+00    0.163981E-15    0.000000E+00    0.931644E-16    0.941393E-16    0.000000E+00    0.100638E-14    0.000000E+00    0.000000E+00    0.000000E+00    0.000000E+00    0.163981E-15    0.000000E+00    0.176703E-14    0.000000E+00    0.000000E+00    0.000000E+00    0.000000E+00    0.000000E+00    0.000000E+00    0.109820E-12
  160    0.736900E-07    0.417491E-15    0.725745E-17    0.000000E+00    0.652705E-16    0.000000E+00    0.000000E+00    0.725745E-17    0.390313E-15    0.000000E+00    0.607722E-16    0.000000E+00    0.000000E+00    0.000000E+00    0.000000E+00    0.979544E-16    0.000000E+00    0.964406E-16    0.000000E+00    0.652705E-16    0.607722E-16    0.000000E+00    0.692917E-15    0.000000E+00    0.000000E+00    0.000000E+00    0.000000E+00    0.964406E-16    0.000000E+00    0.104309E-14    0.000000E+00    0.000000E+00    0.000000E+00    0.000000E+00    0.000000E+00    0.000000E+00    0.664005E-13
  180    0.660430E-07    0.268327E-15    0.490867E-17    0.000000E+00    0.498403E-16    0.000000E+00    0.000000E+00    0.490867E-17    0.275989E-15    0.000000E+00    0.434613E-16    0.000000E+00    0.000000E+00    0.000000E+00    0.000000E+00    0.613768E-16    0.000000E+00    0.604289E-16    0.000000E+00    0.498403E-16    0.434613E-16    0.000000E+00    0.519862E-15    0.000000E+00    0.000000E+00    0.000000E+00    0.000000E+00    0.604289E-16    0.000000E+00    0.655682E-15    0.000000E+00    0.000000E+00    0.000000E+00    0.000000E+00    0.000000E+00    0.000000E+00    0.427490E-13
  200    0.595650E-07    0.181357E-15    0.367474E-17    0.000000E+00    0.409198E-16    0.000000E+00    0.000000E+00    0.367474E-17    0.206340E-15    0.000000E+00    0.342568E-16    0.000000E+00    0.000000E+00    0.000000E+00    0.000000E+00    0.404504E-16    0.000000E+00    0.398248E-16    0.000000E+00    0.409198E-16    0.342568E-16    0.000000E+00    0.418570E-15    0.000000E+00    0.000000E+00    0.000000E+00    0.000000E+00    0.398248E-16    0.000000E+00    0.433942E-15    0.000000E+00    0.000000E+00    0.000000E+00    0.000000E+00    0.000000E+00    0.000000E+00    0.289029E-13
  220    0.540530E-07    0.127590E-15    0.306195E-17    0.000000E+00    0.356628E-16    0.000000E+00    0.000000E+00    0.306195E-17    0.160808E-15    0.000000E+00    0.295750E-16    0.000000E+00    0.000000E+00    0.000000E+00    0.000000E+00    0.277891E-16    0.000000E+00    0.273574E-16    0.000000E+00    0.356628E-16    0.295750E-16    0.000000E+00    0.356876E-15    0.000000E+00    0.000000E+00    0.000000E+00    0.000000E+00    0.273574E-16    0.000000E+00    0.300143E-15    0.000000E+00    0.000000E+00    0.000000E+00    0.000000E+00    0.000000E+00    0.000000E+00    0.203209E-13
  240    0.493320E-07    0.927087E-16    0.278133E-17    0.000000E+00    0.325041E-16    0.000000E+00    0.000000E+00    0.278133E-17    0.128955E-15    0.000000E+00    0.276267E-16    0.000000E+00    0.000000E+00    0.000000E+00    0.000000E+00    0.197698E-16    0.000000E+00    0.194596E-16    0.000000E+00    0.325041E-16    0.276267E-16    0.000000E+00    0.317751E-15    0.000000E+00    0.000000E+00    0.000000E+00    0.000000E+00    0.194596E-16    0.000000E+00    0.215720E-15    0.000000E+00    0.000000E+00    0.000000E+00    0.000000E+00    0.000000E+00    0.000000E+00    0.147503E-13
  260    0.452480E-07    0.691520E-16    0.264412E-17    0.000000E+00    0.304021E-16    0.000000E+00    0.000000E+00    0.264412E-17    0.105134E-15    0.000000E+00    0.273271E-16    0.000000E+00    0.000000E+00    0.000000E+00    0.000000E+00    0.144915E-16    0.000000E+00    0.142608E-16    0.000000E+00    0.304021E-16    0.273271E-16    0.000000E+00    0.290624E-15    0.000000E+00    0.000000E+00    0.000000E+00    0.000000E+00    0.142608E-16    0.000000E+00    0.160229E-15    0.000000E+00    0.000000E+00    0.000000E+00    0.000000E+00    0.000000E+00    0.000000E+00    0.109946E-13
  280    0.416820E-07    0.526959E-16    0.252504E-17    0.000000E+00    0.285219E-16    0.000000E+00    0.000000E+00    0.252504E-17    0.862184E-16    0.000000E+00    0.277375E-16    0.000000E+00    0.000000E+00    0.000000E+00    0.000000E+00    0.109001E-16    0.000000E+00    0.107234E-16    0.000000E+00    0.285219E-16    0.277375E-16    0.000000E+00    0.267703E-15    0.000000E+00    0.000000E+00    0.000000E+00    0.000000E+00    0.107234E-16    0.000000E+00    0.122277E-15    0.000000E+00    0.000000E+00    0.000000E+00    0.000000E+00    0.000000E+00    0.000000E+00    0.838096E-14
  300    0.385440E-07    0.408679E-16    0.235349E-17    0.000000E+00    0.261956E-16    0.000000E+00    0.000000E+00    0.235349E-17    0.705466E-16    0.000000E+00    0.278419E-16    0.000000E+00    0.000000E+00    0.000000E+00    0.000000E+00    0.838423E-17    0.000000E+00    0.824575E-17    0.000000E+00    0.261956E-16    0.278419E-16    0.000000E+00    0.243051E-15    0.000000E+00    0.000000E+00    0.000000E+00    0.000000E+00    0.824575E-17    0.000000E+00    0.952887E-16    0.000000E+00    0.000000E+00    0.000000E+00    0.000000E+00    0.000000E+00    0.000000E+00    0.651275E-14
  320    0.357580E-07    0.321616E-16    0.210961E-17    0.000000E+00    0.230914E-16    0.000000E+00    0.000000E+00    0.210961E-17    0.573366E-16    0.000000E+00    0.267422E-16    0.000000E+00    0.000000E+00    0.000000E+00    0.000000E+00    0.657529E-17    0.000000E+00    0.646488E-17    0.000000E+00    0.230914E-16    0.267422E-16    0.000000E+00    0.213566E-15    0.000000E+00    0.000000E+00    0.000000E+00    0.000000E+00    0.646488E-17    0.000000E+00    0.754004E-16    0.000000E+00    0.000000E+00    0.000000E+00    0.000000E+00    0.000000E+00    0.000000E+00    0.514630E-14
  340    0.332660E-07    0.256256E-16    0.181214E-17    0.000000E+00    0.193703E-16    0.000000E+00    0.000000E+00    0.181214E-17    0.462678E-16    0.000000E+00    0.241262E-16    0.000000E+00    0.000000E+00    0.000000E+00    0.000000E+00    0.524379E-17    0.000000E+00    0.515466E-17    0.000000E+00    0.193703E-16    0.241262E-16    0.000000E+00    0.180090E-15    0.000000E+00    0.000000E+00    0.000000E+00    0.000000E+00    0.515466E-17    0.000000E+00    0.603354E-16    0.000000E+00    0.000000E+00    0.000000E+00    0.000000E+00    0.000000E+00    0.000000E+00    0.412664E-14
  360    0.310220E-07    0.206396E-16    0.149755E-17    0.000000E+00    0.155528E-16    0.000000E+00    0.000000E+00    0.149755E-17    0.371766E-16    0.000000E+00    0.204443E-16    0.000000E+00    0.000000E+00    0.000000E+00    0.000000E+00    0.424291E-17    0.000000E+00    0.417019E-17    0.000000E+00    0.155528E-16    0.204443E-16    0.000000E+00    0.146397E-15    0.000000E+00    0.000000E+00    0.000000E+00    0.000000E+00    0.417019E-17    0.000000E+00    0.487546E-16    0.000000E+00    0.000000E+00    0.000000E+00    0.000000E+00    0.000000E+00    0.000000E+00    0.335223E-14
  380    0.289910E-07    0.167860E-16    0.120020E-17    0.000000E+00    0.121504E-16    0.000000E+00    0.000000E+00    0.120020E-17    0.298842E-16    0.000000E+00    0.165043E-16    0.000000E+00    0.000000E+00    0.000000E+00    0.000000E+00    0.347643E-17    0.000000E+00    0.341644E-17    0.000000E+00    0.121504E-16    0.165043E-16    0.000000E+00    0.116356E-15    0.000000E+00    0.000000E+00    0.000000E+00    0.000000E+00    0.341644E-17    0.000000E+00    0.398277E-16    0.000000E+00    0.000000E+00    0.000000E+00    0.000000E+00    0.000000E+00    0.000000E+00    0.275476E-14
  400    0.271430E-07    0.137759E-16    0.941934E-18    0.000000E+00    0.942028E-17    0.000000E+00    0.000000E+00    0.941934E-18    0.241524E-16    0.000000E+00    0.129464E-16    0.000000E+00    0.000000E+00    0.000000E+00    0.000000E+00    0.287985E-17    0.000000E+00    0.282978E-17    0.000000E+00    0.942028E-17    0.129464E-16    0.000000E+00    0.919626E-16    0.000000E+00    0.000000E+00    0.000000E+00    0.000000E+00    0.282978E-17    0.000000E+00    0.329547E-16    0.000000E+00    0.000000E+00    0.000000E+00    0.000000E+00    0.000000E+00    0.000000E+00    0.228726E-14
  420    0.254580E-07    0.114036E-16    0.731166E-18    0.000000E+00    0.737429E-17    0.000000E+00    0.000000E+00    0.731166E-18    0.197084E-16    0.000000E+00    0.100559E-16    0.000000E+00    0.000000E+00    0.000000E+00    0.000000E+00    0.240904E-17    0.000000E+00    0.236674E-17    0.000000E+00    0.737429E-17    0.100559E-16    0.000000E+00    0.733199E-16    0.000000E+00    0.000000E+00    0.000000E+00    0.000000E+00    0.236674E-17    0.000000E+00    0.276277E-16    0.000000E+00    0.000000E+00    0.000000E+00    0.000000E+00    0.000000E+00    0.000000E+00    0.191677E-14
  440    0.239150E-07    0.951923E-17    0.566986E-18    0.000000E+00    0.590024E-17    0.000000E+00    0.000000E+00    0.566986E-18    0.162853E-16    0.000000E+00    0.785351E-17    0.000000E+00    0.000000E+00    0.000000E+00    0.000000E+00    0.203319E-17    0.000000E+00    0.199706E-17    0.000000E+00    0.590024E-17    0.785351E-17    0.000000E+00    0.595398E-16    0.000000E+00    0.000000E+00    0.000000E+00    0.000000E+00    0.199706E-17    0.000000E+00    0.234193E-16    0.000000E+00    0.000000E+00    0.000000E+00    0.000000E+00    0.000000E+00    0.000000E+00    0.161977E-14
  460    0.225020E-07    0.801184E-17    0.443805E-18    0.000000E+00    0.485950E-17    0.000000E+00    0.000000E+00    0.443805E-18    0.136489E-16    0.000000E+00    0.624039E-17    0.000000E+00    0.000000E+00    0.000000E+00    0.000000E+00    0.173025E-17    0.000000E+00    0.169915E-17    0.000000E+00    0.485950E-17    0.624039E-17    0.000000E+00    0.494997E-16    0.000000E+00    0.000000E+00    0.000000E+00    0.000000E+00    0.169915E-17    0.000000E+00    0.200154E-16    0.000000E+00    0.000000E+00    0.000000E+00    0.000000E+00    0.000000E+00    0.000000E+00    0.137917E-14
  480    0.212040E-07    0.679746E-17    0.354548E-18    0.000000E+00    0.413114E-17    0.000000E+00    0.000000E+00    0.354548E-18    0.116073E-16    0.000000E+00    0.509008E-17    0.000000E+00    0.000000E+00    0.000000E+00    0.000000E+00    0.148412E-17    0.000000E+00    0.145715E-17    0.000000E+00    0.413114E-17    0.509008E-17    0.000000E+00    0.421981E-16    0.000000E+00    0.000000E+00    0.000000E+00    0.000000E+00    0.145715E-17    0.000000E+00    0.172146E-16    0.000000E+00    0.000000E+00    0.000000E+00    0.000000E+00    0.000000E+00    0.000000E+00    0.118244E-14
  500    0.200110E-07    0.581199E-17    0.292266E-18    0.000000E+00    0.362215E-17    0.000000E+00    0.000000E+00    0.292266E-18    0.100101E-16    0.000000E+00    0.428828E-17    0.000000E+00    0.000000E+00    0.000000E+00    0.000000E+00    0.128276E-17    0.000000E+00    0.125921E-17    0.000000E+00    0.362215E-17    0.428828E-17    0.000000E+00    0.368500E-16    0.000000E+00    0.000000E+00    0.000000E+00    0.000000E+00    0.125921E-17    0.000000E+00    0.148924E-16    0.000000E+00    0.000000E+00    0.000000E+00    0.000000E+00    0.000000E+00    0.000000E+00    0.102018E-14
  520    0.189140E-07    0.500613E-17    0.250653E-18    0.000000E+00    0.326362E-17    0.000000E+00    0.000000E+00    0.250653E-18    0.874206E-17    0.000000E+00    0.374273E-17    0.000000E+00    0.000000E+00    0.000000E+00    0.000000E+00    0.111696E-17    0.000000E+00    0.109624E-17    0.000000E+00    0.326362E-17    0.374273E-17    0.000000E+00    0.328685E-16    0.000000E+00    0.000000E+00    0.000000E+00    0.000000E+00    0.109624E-17    0.000000E+00    0.129638E-16    0.000000E+00    0.000000E+00    0.000000E+00    0.000000E+00    0.000000E+00    0.000000E+00    0.885310E-15
  540    0.179040E-07    0.434172E-17    0.224074E-18    0.000000E+00    0.300399E-17    0.000000E+00    0.000000E+00    0.224074E-18    0.771607E-17    0.000000E+00    0.338105E-17    0.000000E+00    0.000000E+00    0.000000E+00    0.000000E+00    0.979570E-18    0.000000E+00    0.961207E-18    0.000000E+00    0.300399E-17    0.338105E-17    0.000000E+00    0.298173E-16    0.000000E+00    0.000000E+00    0.000000E+00    0.000000E+00    0.961207E-18    0.000000E+00    0.113605E-16    0.000000E+00    0.000000E+00    0.000000E+00    0.000000E+00    0.000000E+00    0.000000E+00    0.772405E-15
  560    0.169740E-07    0.378905E-17    0.207507E-18    0.000000E+00    0.280328E-17    0.000000E+00    0.000000E+00    0.207507E-18    0.686671E-17    0.000000E+00    0.314526E-17    0.000000E+00    0.000000E+00    0.000000E+00    0.000000E+00    0.864964E-18    0.000000E+00    0.848555E-18    0.000000E+00    0.280328E-17    0.314526E-17    0.000000E+00    0.273687E-16    0.000000E+00    0.000000E+00    0.000000E+00    0.000000E+00    0.848555E-18    0.000000E+00    0.100234E-16    0.000000E+00    0.000000E+00    0.000000E+00    0.000000E+00    0.000000E+00    0.000000E+00    0.677258E-15
  580    0.161160E-07    0.332499E-17    0.196570E-18    0.000000E+00    0.263013E-17    0.000000E+00    0.000000E+00    0.196570E-18    0.614570E-17    0.000000E+00    0.298702E-17    0.000000E+00    0.000000E+00    0.000000E+00    0.000000E+00    0.768668E-18    0.000000E+00    0.753886E-18    0.000000E+00    0.263013E-17    0.298702E-17    0.000000E+00    0.252785E-16    0.000000E+00    0.000000E+00    0.000000E+00    0.000000E+00    0.753886E-18    0.000000E+00    0.890183E-17    0.000000E+00    0.000000E+00    0.000000E+00    0.000000E+00    0.000000E+00    0.000000E+00    0.596581E-15
  600    0.153240E-07    0.293165E-17    0.187672E-18    0.000000E+00    0.246119E-17    0.000000E+00    0.000000E+00    0.187672E-18    0.551855E-17    0.000000E+00    0.286510E-17    0.000000E+00    0.000000E+00    0.000000E+00    0.000000E+00    0.687124E-18    0.000000E+00    0.673713E-18    0.000000E+00    0.246119E-17    0.286510E-17    0.000000E+00    0.233725E-16    0.000000E+00    0.000000E+00    0.000000E+00    0.000000E+00    0.673713E-18    0.000000E+00    0.795469E-17    0.000000E+00    0.000000E+00    0.000000E+00    0.000000E+00    0.000000E+00    0.000000E+00    0.527775E-15
  620    0.145920E-07    0.259508E-17    0.178201E-18    0.000000E+00    0.228180E-17    0.000000E+00    0.000000E+00    0.178201E-18    0.496187E-17    0.000000E+00    0.274535E-17    0.000000E+00    0.000000E+00    0.000000E+00    0.000000E+00    0.617497E-18    0.000000E+00    0.605247E-18    0.000000E+00    0.228180E-17    0.274535E-17    0.000000E+00    0.215383E-16    0.000000E+00    0.000000E+00    0.000000E+00    0.000000E+00    0.605247E-18    0.000000E+00    0.715141E-17    0.000000E+00    0.000000E+00    0.000000E+00    0.000000E+00    0.000000E+00    0.000000E+00    0.468772E-15
  640    0.139150E-07    0.230471E-17    0.166673E-18    0.000000E+00    0.208647E-17    0.000000E+00    0.000000E+00    0.166673E-18    0.446129E-17    0.000000E+00    0.260301E-17    0.000000E+00    0.000000E+00    0.000000E+00    0.000000E+00    0.557540E-18    0.000000E+00    0.546276E-18    0.000000E+00    0.208647E-17    0.260301E-17    0.000000E+00    0.197175E-16    0.000000E+00    0.000000E+00    0.000000E+00    0.000000E+00    0.546276E-18    0.000000E+00    0.647000E-17    0.000000E+00    0.000000E+00    0.000000E+00    0.000000E+00    0.000000E+00    0.000000E+00    0.417913E-15
  660    0.132870E-07    0.205234E-17    0.152702E-18    0.000000E+00    0.187787E-17    0.000000E+00    0.000000E+00    0.152702E-18    0.400896E-17    0.000000E+00    0.242538E-17    0.000000E+00    0.000000E+00    0.000000E+00    0.000000E+00    0.505488E-18    0.000000E+00    0.495060E-18    0.000000E+00    0.187787E-17    0.242538E-17    0.000000E+00    0.178954E-16    0.000000E+00    0.000000E+00    0.000000E+00    0.000000E+00    0.495060E-18    0.000000E+00    0.589297E-17    0.000000E+00    0.000000E+00    0.000000E+00    0.000000E+00    0.000000E+00    0.000000E+00    0.373862E-15
  680    0.127040E-07    0.183177E-17    0.136779E-18    0.000000E+00    0.166463E-17    0.000000E+00    0.000000E+00    0.136779E-18    0.360129E-17    0.000000E+00    0.221306E-17    0.000000E+00    0.000000E+00    0.000000E+00    0.000000E+00    0.459966E-18    0.000000E+00    0.450250E-18    0.000000E+00    0.166463E-17    0.221306E-17    0.000000E+00    0.160934E-16    0.000000E+00    0.000000E+00    0.000000E+00    0.000000E+00    0.450250E-18    0.000000E+00    0.540269E-17    0.000000E+00    0.000000E+00    0.000000E+00    0.000000E+00    0.000000E+00    0.000000E+00    0.335537E-15
  700    0.121610E-07    0.163828E-17    0.119925E-18    0.000000E+00    0.145817E-17    0.000000E+00    0.000000E+00    0.119925E-18    0.323673E-17    0.000000E+00    0.197770E-17    0.000000E+00    0.000000E+00    0.000000E+00    0.000000E+00    0.419911E-18    0.000000E+00    0.410814E-18    0.000000E+00    0.145817E-17    0.197770E-17    0.000000E+00    0.143576E-16    0.000000E+00    0.000000E+00    0.000000E+00    0.000000E+00    0.410814E-18    0.000000E+00    0.497954E-17    0.000000E+00    0.000000E+00    0.000000E+00    0.000000E+00    0.000000E+00    0.000000E+00    0.302057E-15
  720    0.116560E-07    0.146819E-17    0.103303E-18    0.000000E+00    0.126913E-17    0.000000E+00    0.000000E+00    0.103303E-18    0.291402E-17    0.000000E+00    0.173679E-17    0.000000E+00    0.000000E+00    0.000000E+00    0.000000E+00    0.384504E-18    0.000000E+00    0.375962E-18    0.000000E+00    0.126913E-17    0.173679E-17    0.000000E+00    0.127415E-16    0.000000E+00    0.000000E+00    0.000000E+00    0.000000E+00    0.375962E-18    0.000000E+00    0.460412E-17    0.000000E+00    0.000000E+00    0.000000E+00    0.000000E+00    0.000000E+00    0.000000E+00    0.272697E-15
  740    0.111830E-07    0.131864E-17    0.879450E-19    0.000000E+00    0.110483E-17    0.000000E+00    0.000000E+00    0.879450E-19    0.263148E-17    0.000000E+00    0.150766E-17    0.000000E+00    0.000000E+00    0.000000E+00    0.000000E+00    0.353109E-18    0.000000E+00    0.345076E-18    0.000000E+00    0.110483E-17    0.150766E-17    0.000000E+00    0.112894E-16    0.000000E+00    0.000000E+00    0.000000E+00    0.000000E+00    0.345076E-18    0.000000E+00    0.426142E-17    0.000000E+00    0.000000E+00    0.000000E+00    0.000000E+00    0.000000E+00    0.000000E+00    0.246866E-15
  760    0.107420E-07    0.118721E-17    0.745753E-19    0.000000E+00    0.968317E-18    0.000000E+00    0.000000E+00    0.745753E-19    0.238637E-17    0.000000E+00    0.130318E-17    0.000000E+00    0.000000E+00    0.000000E+00    0.000000E+00    0.325224E-18    0.000000E+00    0.317674E-18    0.000000E+00    0.968317E-18    0.130318E-17    0.000000E+00    0.100248E-16    0.000000E+00    0.000000E+00    0.000000E+00    0.000000E+00    0.317674E-18    0.000000E+00    0.394338E-17    0.000000E+00    0.000000E+00    0.000000E+00    0.000000E+00    0.000000E+00    0.000000E+00    0.224068E-15
  780    0.103260E-07    0.107183E-17    0.635876E-19    0.000000E+00    0.858929E-18    0.000000E+00    0.000000E+00    0.635876E-19    0.217511E-17    0.000000E+00    0.113041E-17    0.000000E+00    0.000000E+00    0.000000E+00    0.000000E+00    0.300439E-18    0.000000E+00    0.293338E-18    0.000000E+00    0.858929E-18    0.113041E-17    0.000000E+00    0.895056E-17    0.000000E+00    0.000000E+00    0.000000E+00    0.000000E+00    0.293338E-18    0.000000E+00    0.364811E-17    0.000000E+00    0.000000E+00    0.000000E+00    0.000000E+00    0.000000E+00    0.000000E+00    0.203891E-15
  800    0.993580E-08    0.970638E-18    0.550779E-19    0.000000E+00    0.773590E-18    0.000000E+00    0.000000E+00    0.550779E-19    0.199359E-17    0.000000E+00    0.991172E-18    0.000000E+00    0.000000E+00    0.000000E+00    0.000000E+00    0.278404E-18    0.000000E+00    0.271717E-18    0.000000E+00    0.773590E-18    0.991172E-18    0.000000E+00    0.805230E-17    0.000000E+00    0.000000E+00    0.000000E+00    0.000000E+00    0.271717E-18    0.000000E+00    0.337702E-17    0.000000E+00    0.000000E+00    0.000000E+00    0.000000E+00    0.000000E+00    0.000000E+00    0.185990E-15
  820    0.959140E-08    0.881934E-18    0.489097E-19    0.000000E+00    0.708002E-18    0.000000E+00    0.000000E+00    0.489097E-19    0.183742E-17    0.000000E+00    0.883526E-18    0.000000E+00    0.000000E+00    0.000000E+00    0.000000E+00    0.258807E-18    0.000000E+00    0.252494E-18    0.000000E+00    0.708002E-18    0.883526E-18    0.000000E+00    0.730552E-17    0.000000E+00    0.000000E+00    0.000000E+00    0.000000E+00    0.252494E-18    0.000000E+00    0.313189E-17    0.000000E+00    0.000000E+00    0.000000E+00    0.000000E+00    0.000000E+00    0.000000E+00    0.170068E-15
  840    0.925150E-08    0.804128E-18    0.447744E-19    0.000000E+00    0.657505E-18    0.000000E+00    0.000000E+00    0.447744E-19    0.170224E-17    0.000000E+00    0.803241E-18    0.000000E+00    0.000000E+00    0.000000E+00    0.000000E+00    0.241363E-18    0.000000E+00    0.235384E-18    0.000000E+00    0.657505E-18    0.803241E-18    0.000000E+00    0.668138E-17    0.000000E+00    0.000000E+00    0.000000E+00    0.000000E+00    0.235384E-18    0.000000E+00    0.291298E-17    0.000000E+00    0.000000E+00    0.000000E+00    0.000000E+00    0.000000E+00    0.000000E+00    0.155874E-15
  860    0.891810E-08    0.735732E-18    0.422428E-19    0.000000E+00    0.617588E-18    0.000000E+00    0.000000E+00    0.422428E-19    0.158392E-17    0.000000E+00    0.744865E-18    0.000000E+00    0.000000E+00    0.000000E+00    0.000000E+00    0.225808E-18    0.000000E+00    0.220119E-18    0.000000E+00    0.617588E-18    0.744865E-18    0.000000E+00    0.615158E-17    0.000000E+00    0.000000E+00    0.000000E+00    0.000000E+00    0.220119E-18    0.000000E+00    0.271854E-17    0.000000E+00    0.000000E+00    0.000000E+00    0.000000E+00    0.000000E+00    0.000000E+00    0.143189E-15
  880    0.860700E-08    0.675400E-18    0.408165E-19    0.000000E+00    0.584227E-18    0.000000E+00    0.000000E+00    0.408165E-19    0.147880E-17    0.000000E+00    0.702564E-18    0.000000E+00    0.000000E+00    0.000000E+00    0.000000E+00    0.211893E-18    0.000000E+00    0.206461E-18    0.000000E+00    0.584227E-18    0.702564E-18    0.000000E+00    0.569241E-17    0.000000E+00    0.000000E+00    0.000000E+00    0.000000E+00    0.206461E-18    0.000000E+00    0.254531E-17    0.000000E+00    0.000000E+00    0.000000E+00    0.000000E+00    0.000000E+00    0.000000E+00    0.131828E-15
  900    0.831090E-08    0.621911E-18    0.399788E-19    0.000000E+00    0.554115E-18    0.000000E+00    0.000000E+00    0.399788E-19    0.138377E-17    0.000000E+00    0.670806E-18    0.000000E+00    0.000000E+00    0.000000E+00    0.000000E+00    0.199392E-18    0.000000E+00    0.194186E-18    0.000000E+00    0.554115E-18    0.670806E-18    0.000000E+00    0.528756E-17    0.000000E+00    0.000000E+00    0.000000E+00    0.000000E+00    0.194186E-18    0.000000E+00    0.238947E-17    0.000000E+00    0.000000E+00    0.000000E+00    0.000000E+00    0.000000E+00    0.000000E+00    0.121628E-15
  920    0.803000E-08    0.574163E-18    0.392482E-19    0.000000E+00    0.524840E-18    0.000000E+00    0.000000E+00    0.392482E-19    0.129641E-17    0.000000E+00    0.644831E-18    0.000000E+00    0.000000E+00    0.000000E+00    0.000000E+00    0.188098E-18    0.000000E+00    0.183098E-18    0.000000E+00    0.524840E-18    0.644831E-18    0.000000E+00    0.492804E-17    0.000000E+00    0.000000E+00    0.000000E+00    0.000000E+00    0.183098E-18    0.000000E+00    0.224768E-17    0.000000E+00    0.000000E+00    0.000000E+00    0.000000E+00    0.000000E+00    0.000000E+00    0.112446E-15
  940    0.776320E-08    0.531216E-18    0.382363E-19    0.000000E+00    0.494947E-18    0.000000E+00    0.000000E+00    0.382363E-19    0.121497E-17    0.000000E+00    0.620788E-18    0.000000E+00    0.000000E+00    0.000000E+00    0.000000E+00    0.177831E-18    0.000000E+00    0.173018E-18    0.000000E+00    0.494947E-18    0.620788E-18    0.000000E+00    0.460890E-17    0.000000E+00    0.000000E+00    0.000000E+00    0.000000E+00    0.173018E-18    0.000000E+00    0.211790E-17    0.000000E+00    0.000000E+00    0.000000E+00    0.000000E+00    0.000000E+00    0.000000E+00    0.104163E-15
  960    0.750950E-08    0.492280E-18    0.366934E-19    0.000000E+00    0.463833E-18    0.000000E+00    0.000000E+00    0.366934E-19    0.113848E-17    0.000000E+00    0.595649E-18    0.000000E+00    0.000000E+00    0.000000E+00    0.000000E+00    0.168438E-18    0.000000E+00    0.163799E-18    0.000000E+00    0.463833E-18    0.595649E-18    0.000000E+00    0.432500E-17    0.000000E+00    0.000000E+00    0.000000E+00    0.000000E+00    0.163799E-18    0.000000E+00    0.199952E-17    0.000000E+00    0.000000E+00    0.000000E+00    0.000000E+00    0.000000E+00    0.000000E+00    0.966707E-16
  980    0.726820E-08    0.456734E-18    0.345306E-19    0.000000E+00    0.431532E-18    0.000000E+00    0.000000E+00    0.345306E-19    0.106654E-17    0.000000E+00    0.567173E-18    0.000000E+00    0.000000E+00    0.000000E+00    0.000000E+00    0.159795E-18    0.000000E+00    0.155311E-18    0.000000E+00    0.431532E-18    0.567173E-18    0.000000E+00    0.406894E-17    0.000000E+00    0.000000E+00    0.000000E+00    0.000000E+00    0.155311E-18    0.000000E+00    0.189269E-17    0.000000E+00    0.000000E+00    0.000000E+00    0.000000E+00    0.000000E+00    0.000000E+00    0.898790E-16
 1000    0.703840E-08    0.424095E-18    0.318126E-19    0.000000E+00    0.398570E-18    0.000000E+00    0.000000E+00    0.318126E-19    0.999187E-18    0.000000E+00    0.534142E-18    0.000000E+00    0.000000E+00    0.000000E+00    0.000000E+00    0.151802E-18    0.000000E+00    0.147459E-18    0.000000E+00    0.398570E-18    0.534142E-18    0.000000E+00    0.383178E-17    0.000000E+00    0.000000E+00    0.000000E+00    0.000000E+00    0.147459E-18    0.000000E+00    0.179722E-17    0.000000E+00    0.000000E+00    0.000000E+00    0.000000E+00    0.000000E+00    0.000000E+00    0.837085E-16
 1020    0.681950E-08    0.394004E-18    0.287185E-19    0.000000E+00    0.365833E-18    0.000000E+00    0.000000E+00    0.287185E-19    0.936675E-18    0.000000E+00    0.496629E-18    0.000000E+00    0.000000E+00    0.000000E+00    0.000000E+00    0.144389E-18    0.000000E+00    0.140173E-18    0.000000E+00    0.365833E-18    0.496629E-18    0.000000E+00    0.360556E-17    0.000000E+00    0.000000E+00    0.000000E+00    0.000000E+00    0.140173E-18    0.000000E+00    0.171171E-17    0.000000E+00    0.000000E+00    0.000000E+00    0.000000E+00    0.000000E+00    0.000000E+00    0.780912E-16
 1040    0.661090E-08    0.366226E-18    0.254907E-19    0.000000E+00    0.334432E-18    0.000000E+00    0.000000E+00    0.254907E-19    0.879289E-18    0.000000E+00    0.456008E-18    0.000000E+00    0.000000E+00    0.000000E+00    0.000000E+00    0.137503E-18    0.000000E+00    0.133403E-18    0.000000E+00    0.334432E-18    0.456008E-18    0.000000E+00    0.338510E-17    0.000000E+00    0.000000E+00    0.000000E+00    0.000000E+00    0.133403E-18    0.000000E+00    0.163370E-17    0.000000E+00    0.000000E+00    0.000000E+00    0.000000E+00    0.000000E+00    0.000000E+00    0.729681E-16
 1060    0.641200E-08    0.340608E-18    0.223780E-19    0.000000E+00    0.305480E-18    0.000000E+00    0.000000E+00    0.223780E-19    0.827219E-18    0.000000E+00    0.414611E-18    0.000000E+00    0.000000E+00    0.000000E+00    0.000000E+00    0.131106E-18    0.000000E+00    0.127118E-18    0.000000E+00    0.305480E-18    0.414611E-18    0.000000E+00    0.316914E-17    0.000000E+00    0.000000E+00    0.000000E+00    0.000000E+00    0.127118E-18    0.000000E+00    0.156071E-17    0.000000E+00    0.000000E+00    0.000000E+00    0.000000E+00    0.000000E+00    0.000000E+00    0.682879E-16
 1080    0.622240E-08    0.317035E-18    0.195933E-19    0.000000E+00    0.279860E-18    0.000000E+00    0.000000E+00    0.195933E-19    0.780436E-18    0.000000E+00    0.375068E-18    0.000000E+00    0.000000E+00    0.000000E+00    0.000000E+00    0.125171E-18    0.000000E+00    0.121292E-18    0.000000E+00    0.279860E-18    0.375068E-18    0.000000E+00    0.295951E-17    0.000000E+00    0.000000E+00    0.000000E+00    0.000000E+00    0.121292E-18    0.000000E+00    0.149114E-17    0.000000E+00    0.000000E+00    0.000000E+00    0.000000E+00    0.000000E+00    0.000000E+00    0.640060E-16
 1100    0.604140E-08    0.295427E-18    0.172878E-19    0.000000E+00    0.258067E-18    0.000000E+00    0.000000E+00    0.172878E-19    0.738717E-18    0.000000E+00    0.339669E-18    0.000000E+00    0.000000E+00    0.000000E+00    0.000000E+00    0.119675E-18    0.000000E+00    0.115902E-18    0.000000E+00    0.258067E-18    0.339669E-18    0.000000E+00    0.276008E-17    0.000000E+00    0.000000E+00    0.000000E+00    0.000000E+00    0.115902E-18    0.000000E+00    0.142454E-17    0.000000E+00    0.000000E+00    0.000000E+00    0.000000E+00    0.000000E+00    0.000000E+00    0.600833E-16
 1120    0.586870E-08    0.275688E-18    0.155400E-19    0.000000E+00    0.240132E-18    0.000000E+00    0.000000E+00    0.155400E-19    0.701610E-18    0.000000E+00    0.309903E-18    0.000000E+00    0.000000E+00    0.000000E+00    0.000000E+00    0.114596E-18    0.000000E+00    0.110923E-18    0.000000E+00    0.240132E-18    0.309903E-18    0.000000E+00    0.257448E-17    0.000000E+00    0.000000E+00    0.000000E+00    0.000000E+00    0.110923E-18    0.000000E+00    0.136127E-17    0.000000E+00    0.000000E+00    0.000000E+00    0.000000E+00    0.000000E+00    0.000000E+00    0.564851E-16
 1140    0.570370E-08    0.257730E-18    0.143566E-19    0.000000E+00    0.225686E-18    0.000000E+00    0.000000E+00    0.143566E-19    0.668562E-18    0.000000E+00    0.286332E-18    0.000000E+00    0.000000E+00    0.000000E+00    0.000000E+00    0.109908E-18    0.000000E+00    0.106331E-18    0.000000E+00    0.225686E-18    0.286332E-18    0.000000E+00    0.240493E-17    0.000000E+00    0.000000E+00    0.000000E+00    0.000000E+00    0.106331E-18    0.000000E+00    0.130188E-17    0.000000E+00    0.000000E+00    0.000000E+00    0.000000E+00    0.000000E+00    0.000000E+00    0.531808E-16
 1160    0.554610E-08    0.241420E-18    0.136786E-19    0.000000E+00    0.214065E-18    0.000000E+00    0.000000E+00    0.136786E-19    0.638886E-18    0.000000E+00    0.268654E-18    0.000000E+00    0.000000E+00    0.000000E+00    0.000000E+00    0.105585E-18    0.000000E+00    0.102095E-18    0.000000E+00    0.214065E-18    0.268654E-18    0.000000E+00    0.225143E-17    0.000000E+00    0.000000E+00    0.000000E+00    0.000000E+00    0.102095E-18    0.000000E+00    0.124674E-17    0.000000E+00    0.000000E+00    0.000000E+00    0.000000E+00    0.000000E+00    0.000000E+00    0.501426E-16
 1180    0.539550E-08    0.226606E-18    0.133953E-19    0.000000E+00    0.204471E-18    0.000000E+00    0.000000E+00    0.133953E-19    0.611867E-18    0.000000E+00    0.255931E-18    0.000000E+00    0.000000E+00    0.000000E+00    0.000000E+00    0.101594E-18    0.000000E+00    0.981829E-19    0.000000E+00    0.204471E-18    0.255931E-18    0.000000E+00    0.211256E-17    0.000000E+00    0.000000E+00    0.000000E+00    0.000000E+00    0.981829E-19    0.000000E+00    0.119589E-17    0.000000E+00    0.000000E+00    0.000000E+00    0.000000E+00    0.000000E+00    0.000000E+00    0.473458E-16
 1200    0.525140E-08    0.213132E-18    0.133620E-19    0.000000E+00    0.196111E-18    0.000000E+00    0.000000E+00    0.133620E-19    0.586876E-18    0.000000E+00    0.246861E-18    0.000000E+00    0.000000E+00    0.000000E+00    0.000000E+00    0.979020E-19    0.000000E+00    0.945630E-19    0.000000E+00    0.196111E-18    0.246861E-18    0.000000E+00    0.198684E-17    0.000000E+00    0.000000E+00    0.000000E+00    0.000000E+00    0.945630E-19    0.000000E+00    0.114907E-17    0.000000E+00    0.000000E+00    0.000000E+00    0.000000E+00    0.000000E+00    0.000000E+00    0.447680E-16
 1220    0.511350E-08    0.200815E-18    0.134199E-19    0.000000E+00    0.188294E-18    0.000000E+00    0.000000E+00    0.134199E-19    0.563357E-18    0.000000E+00    0.240110E-18    0.000000E+00    0.000000E+00    0.000000E+00    0.000000E+00    0.944745E-19    0.000000E+00    0.912004E-19    0.000000E+00    0.188294E-18    0.240110E-18    0.000000E+00    0.187416E-17    0.000000E+00    0.000000E+00    0.000000E+00    0.000000E+00    0.912004E-19    0.000000E+00    0.110591E-17    0.000000E+00    0.000000E+00    0.000000E+00    0.000000E+00    0.000000E+00    0.000000E+00    0.423888E-16
 1240    0.498140E-08    0.189475E-18    0.134191E-19    0.000000E+00    0.180512E-18    0.000000E+00    0.000000E+00    0.134191E-19    0.540923E-18    0.000000E+00    0.234498E-18    0.000000E+00    0.000000E+00    0.000000E+00    0.000000E+00    0.912784E-19    0.000000E+00    0.880634E-19    0.000000E+00    0.180512E-18    0.234498E-18    0.000000E+00    0.177558E-17    0.000000E+00    0.000000E+00    0.000000E+00    0.000000E+00    0.880634E-19    0.000000E+00    0.106613E-17    0.000000E+00    0.000000E+00    0.000000E+00    0.000000E+00    0.000000E+00    0.000000E+00    0.401896E-16
 1260    0.485490E-08    0.178953E-18    0.132417E-19    0.000000E+00    0.172464E-18    0.000000E+00    0.000000E+00    0.132417E-19    0.519388E-18    0.000000E+00    0.228991E-18    0.000000E+00    0.000000E+00    0.000000E+00    0.000000E+00    0.882830E-19    0.000000E+00    0.851222E-19    0.000000E+00    0.172464E-18    0.228991E-18    0.000000E+00    0.169153E-17    0.000000E+00    0.000000E+00    0.000000E+00    0.000000E+00    0.851222E-19    0.000000E+00    0.102956E-17    0.000000E+00    0.000000E+00    0.000000E+00    0.000000E+00    0.000000E+00    0.000000E+00    0.381542E-16
 1280    0.473350E-08    0.169110E-18    0.128163E-19    0.000000E+00    0.163999E-18    0.000000E+00    0.000000E+00    0.128163E-19    0.498744E-18    0.000000E+00    0.222596E-18    0.000000E+00    0.000000E+00    0.000000E+00    0.000000E+00    0.854626E-19    0.000000E+00    0.823510E-19    0.000000E+00    0.163999E-18    0.222596E-18    0.000000E+00    0.162018E-17    0.000000E+00    0.000000E+00    0.000000E+00    0.000000E+00    0.823510E-19    0.000000E+00    0.996096E-18    0.000000E+00    0.000000E+00    0.000000E+00    0.000000E+00    0.000000E+00    0.000000E+00    0.362675E-16
 1300    0.461700E-08    0.159822E-18    0.121270E-19    0.000000E+00    0.155081E-18    0.000000E+00    0.000000E+00    0.121270E-19    0.479100E-18    0.000000E+00    0.214431E-18    0.000000E+00    0.000000E+00    0.000000E+00    0.000000E+00    0.827960E-19    0.000000E+00    0.797275E-19    0.000000E+00    0.155081E-18    0.214431E-18    0.000000E+00    0.155716E-17    0.000000E+00    0.000000E+00    0.000000E+00    0.000000E+00    0.797275E-19    0.000000E+00    0.965472E-18    0.000000E+00    0.000000E+00    0.000000E+00    0.000000E+00    0.000000E+00    0.000000E+00    0.345161E-16
 1320    0.450520E-08    0.151018E-18    0.112115E-19    0.000000E+00    0.145782E-18    0.000000E+00    0.000000E+00    0.112115E-19    0.460674E-18    0.000000E+00    0.203979E-18    0.000000E+00    0.000000E+00    0.000000E+00    0.000000E+00    0.802679E-19    0.000000E+00    0.772400E-19    0.000000E+00    0.145782E-18    0.203979E-18    0.000000E+00    0.149695E-17    0.000000E+00    0.000000E+00    0.000000E+00    0.000000E+00    0.772400E-19    0.000000E+00    0.937155E-18    0.000000E+00    0.000000E+00    0.000000E+00    0.000000E+00    0.000000E+00    0.000000E+00    0.328883E-16
 1340    0.439760E-08    0.142657E-18    0.101475E-19    0.000000E+00    0.136285E-18    0.000000E+00    0.000000E+00    0.101475E-19    0.443695E-18    0.000000E+00    0.191310E-18    0.000000E+00    0.000000E+00    0.000000E+00    0.000000E+00    0.778681E-19    0.000000E+00    0.748805E-19    0.000000E+00    0.136285E-18    0.191310E-18    0.000000E+00    0.143441E-17    0.000000E+00    0.000000E+00    0.000000E+00    0.000000E+00    0.748805E-19    0.000000E+00    0.910406E-18    0.000000E+00    0.000000E+00    0.000000E+00    0.000000E+00    0.000000E+00    0.000000E+00    0.313734E-16
 1360    0.429410E-08    0.134725E-18    0.903394E-20    0.000000E+00    0.126887E-18    0.000000E+00    0.000000E+00    0.903394E-20    0.428331E-18    0.000000E+00    0.177131E-18    0.000000E+00    0.000000E+00    0.000000E+00    0.000000E+00    0.755898E-19    0.000000E+00    0.726425E-19    0.000000E+00    0.126887E-18    0.177131E-18    0.000000E+00    0.136624E-17    0.000000E+00    0.000000E+00    0.000000E+00    0.000000E+00    0.726425E-19    0.000000E+00    0.884508E-18    0.000000E+00    0.000000E+00    0.000000E+00    0.000000E+00    0.000000E+00    0.000000E+00    0.299620E-16
 1380    0.419450E-08    0.127240E-18    0.797236E-20    0.000000E+00    0.117965E-18    0.000000E+00    0.000000E+00    0.797236E-20    0.414696E-18    0.000000E+00    0.162596E-18    0.000000E+00    0.000000E+00    0.000000E+00    0.000000E+00    0.734297E-19    0.000000E+00    0.705240E-19    0.000000E+00    0.117965E-18    0.162596E-18    0.000000E+00    0.129209E-17    0.000000E+00    0.000000E+00    0.000000E+00    0.000000E+00    0.705240E-19    0.000000E+00    0.859012E-18    0.000000E+00    0.000000E+00    0.000000E+00    0.000000E+00    0.000000E+00    0.000000E+00    0.286460E-16
 1400    0.409850E-08    0.120222E-18    0.705036E-20    0.000000E+00    0.109893E-18    0.000000E+00    0.000000E+00    0.705036E-20    0.402750E-18    0.000000E+00    0.148926E-18    0.000000E+00    0.000000E+00    0.000000E+00    0.000000E+00    0.713852E-19    0.000000E+00    0.685229E-19    0.000000E+00    0.109893E-18    0.148926E-18    0.000000E+00    0.121426E-17    0.000000E+00    0.000000E+00    0.000000E+00    0.000000E+00    0.685229E-19    0.000000E+00    0.833811E-18    0.000000E+00    0.000000E+00    0.000000E+00    0.000000E+00    0.000000E+00    0.000000E+00    0.274179E-16
 1420    0.400600E-08    0.113701E-18    0.633131E-20    0.000000E+00    0.102946E-18    0.000000E+00    0.000000E+00    0.633131E-20    0.392372E-18    0.000000E+00    0.137088E-18    0.000000E+00    0.000000E+00    0.000000E+00    0.000000E+00    0.694540E-19    0.000000E+00    0.666349E-19    0.000000E+00    0.102946E-18    0.137088E-18    0.000000E+00    0.113669E-17    0.000000E+00    0.000000E+00    0.000000E+00    0.000000E+00    0.666349E-19    0.000000E+00    0.809079E-18    0.000000E+00    0.000000E+00    0.000000E+00    0.000000E+00    0.000000E+00    0.000000E+00    0.262710E-16
 1440    0.391670E-08    0.107696E-18    0.584780E-20    0.000000E+00    0.972196E-19    0.000000E+00    0.000000E+00    0.584780E-20    0.383326E-18    0.000000E+00    0.127618E-18    0.000000E+00    0.000000E+00    0.000000E+00    0.000000E+00    0.676328E-19    0.000000E+00    0.648568E-19    0.000000E+00    0.972196E-19    0.127618E-18    0.000000E+00    0.106301E-17    0.000000E+00    0.000000E+00    0.000000E+00    0.000000E+00    0.648568E-19    0.000000E+00    0.785117E-18    0.000000E+00    0.000000E+00    0.000000E+00    0.000000E+00    0.000000E+00    0.000000E+00    0.251993E-16
 1460    0.383050E-08    0.102211E-18    0.560028E-20    0.000000E+00    0.926302E-19    0.000000E+00    0.000000E+00    0.560028E-20    0.375292E-18    0.000000E+00    0.120618E-18    0.000000E+00    0.000000E+00    0.000000E+00    0.000000E+00    0.659166E-19    0.000000E+00    0.631830E-19    0.000000E+00    0.926302E-19    0.120618E-18    0.000000E+00    0.995203E-18    0.000000E+00    0.000000E+00    0.000000E+00    0.000000E+00    0.631830E-19    0.000000E+00    0.762193E-18    0.000000E+00    0.000000E+00    0.000000E+00    0.000000E+00    0.000000E+00    0.000000E+00    0.241975E-16
 1480    0.374730E-08    0.972338E-19    0.555894E-20    0.000000E+00    0.889653E-19    0.000000E+00    0.000000E+00    0.555894E-20    0.367912E-18    0.000000E+00    0.115820E-18    0.000000E+00    0.000000E+00    0.000000E+00    0.000000E+00    0.642982E-19    0.000000E+00    0.616045E-19    0.000000E+00    0.889653E-19    0.115820E-18    0.000000E+00    0.933361E-18    0.000000E+00    0.000000E+00    0.000000E+00    0.000000E+00    0.616045E-19    0.000000E+00    0.740441E-18    0.000000E+00    0.000000E+00    0.000000E+00    0.000000E+00    0.000000E+00    0.000000E+00    0.232604E-16
 1500    0.366680E-08    0.927365E-19    0.566844E-20    0.000000E+00    0.859488E-19    0.000000E+00    0.000000E+00    0.566844E-20    0.360840E-18    0.000000E+00    0.112648E-18    0.000000E+00    0.000000E+00    0.000000E+00    0.000000E+00    0.627697E-19    0.000000E+00    0.601151E-19    0.000000E+00    0.859488E-19    0.112648E-18    0.000000E+00    0.876382E-18    0.000000E+00    0.000000E+00    0.000000E+00    0.000000E+00    0.601151E-19    0.000000E+00    0.719883E-18    0.000000E+00    0.000000E+00    0.000000E+00    0.000000E+00    0.000000E+00    0.000000E+00    0.223833E-16
 1520    0.358910E-08    0.886742E-19    0.585670E-20    0.000000E+00    0.833100E-19    0.000000E+00    0.000000E+00    0.585670E-20    0.353799E-18    0.000000E+00    0.110391E-18    0.000000E+00    0.000000E+00    0.000000E+00    0.000000E+00    0.613220E-19    0.000000E+00    0.587057E-19    0.000000E+00    0.833100E-19    0.110391E-18    0.000000E+00    0.823443E-18    0.000000E+00    0.000000E+00    0.000000E+00    0.000000E+00    0.587057E-19    0.000000E+00    0.700428E-18    0.000000E+00    0.000000E+00    0.000000E+00    0.000000E+00    0.000000E+00    0.000000E+00    0.215617E-16
 1540    0.351380E-08    0.849866E-19    0.604480E-20    0.000000E+00    0.808200E-19    0.000000E+00    0.000000E+00    0.604480E-20    0.346605E-18    0.000000E+00    0.108455E-18    0.000000E+00    0.000000E+00    0.000000E+00    0.000000E+00    0.599443E-19    0.000000E+00    0.573658E-19    0.000000E+00    0.808200E-19    0.108455E-18    0.000000E+00    0.775438E-18    0.000000E+00    0.000000E+00    0.000000E+00    0.000000E+00    0.573658E-19    0.000000E+00    0.681959E-18    0.000000E+00    0.000000E+00    0.000000E+00    0.000000E+00    0.000000E+00    0.000000E+00    0.207915E-16
 1560    0.344110E-08    0.816111E-19    0.616010E-20    0.000000E+00    0.783266E-19    0.000000E+00    0.000000E+00    0.616010E-20    0.339240E-18    0.000000E+00    0.106537E-18    0.000000E+00    0.000000E+00    0.000000E+00    0.000000E+00    0.586285E-19    0.000000E+00    0.560865E-19    0.000000E+00    0.783266E-19    0.106537E-18    0.000000E+00    0.734891E-18    0.000000E+00    0.000000E+00    0.000000E+00    0.000000E+00    0.560865E-19    0.000000E+00    0.664431E-18    0.000000E+00    0.000000E+00    0.000000E+00    0.000000E+00    0.000000E+00    0.000000E+00    0.200686E-16
 1580    0.337070E-08    0.784759E-19    0.614642E-20    0.000000E+00    0.757445E-19    0.000000E+00    0.000000E+00    0.614642E-20    0.331805E-18    0.000000E+00    0.104470E-18    0.000000E+00    0.000000E+00    0.000000E+00    0.000000E+00    0.573652E-19    0.000000E+00    0.548590E-19    0.000000E+00    0.757445E-19    0.104470E-18    0.000000E+00    0.703932E-18    0.000000E+00    0.000000E+00    0.000000E+00    0.000000E+00    0.548590E-19    0.000000E+00    0.647861E-18    0.000000E+00    0.000000E+00    0.000000E+00    0.000000E+00    0.000000E+00    0.000000E+00    0.193893E-16
 1600    0.330250E-08    0.755201E-19    0.597399E-20    0.000000E+00    0.730395E-19    0.000000E+00    0.000000E+00    0.597399E-20    0.324537E-18    0.000000E+00    0.101982E-18    0.000000E+00    0.000000E+00    0.000000E+00    0.000000E+00    0.561478E-19    0.000000E+00    0.536776E-19    0.000000E+00    0.730395E-19    0.101982E-18    0.000000E+00    0.682554E-18    0.000000E+00    0.000000E+00    0.000000E+00    0.000000E+00    0.536776E-19    0.000000E+00    0.632309E-18    0.000000E+00    0.000000E+00    0.000000E+00    0.000000E+00    0.000000E+00    0.000000E+00    0.187502E-16
 1620    0.323650E-08    0.726906E-19    0.564249E-20    0.000000E+00    0.702012E-19    0.000000E+00    0.000000E+00    0.564249E-20    0.317733E-18    0.000000E+00    0.986854E-19    0.000000E+00    0.000000E+00    0.000000E+00    0.000000E+00    0.549730E-19    0.000000E+00    0.525384E-19    0.000000E+00    0.702012E-19    0.986854E-19    0.000000E+00    0.668633E-18    0.000000E+00    0.000000E+00    0.000000E+00    0.000000E+00    0.525384E-19    0.000000E+00    0.617832E-18    0.000000E+00    0.000000E+00    0.000000E+00    0.000000E+00    0.000000E+00    0.000000E+00    0.181484E-16
 1640    0.317260E-08    0.699461E-19    0.517960E-20    0.000000E+00    0.672394E-19    0.000000E+00    0.000000E+00    0.517960E-20    0.311685E-18    0.000000E+00    0.942753E-19    0.000000E+00    0.000000E+00    0.000000E+00    0.000000E+00    0.538365E-19    0.000000E+00    0.514365E-19    0.000000E+00    0.672394E-19    0.942753E-19    0.000000E+00    0.658799E-18    0.000000E+00    0.000000E+00    0.000000E+00    0.000000E+00    0.514365E-19    0.000000E+00    0.604342E-18    0.000000E+00    0.000000E+00    0.000000E+00    0.000000E+00    0.000000E+00    0.000000E+00    0.175809E-16
 1660    0.311070E-08    0.672669E-19    0.463338E-20    0.000000E+00    0.641819E-19    0.000000E+00    0.000000E+00    0.463338E-20    0.306647E-18    0.000000E+00    0.887272E-19    0.000000E+00    0.000000E+00    0.000000E+00    0.000000E+00    0.527373E-19    0.000000E+00    0.503711E-19    0.000000E+00    0.641819E-19    0.887272E-19    0.000000E+00    0.649354E-18    0.000000E+00    0.000000E+00    0.000000E+00    0.000000E+00    0.503711E-19    0.000000E+00    0.591692E-18    0.000000E+00    0.000000E+00    0.000000E+00    0.000000E+00    0.000000E+00    0.000000E+00    0.170455E-16
 1680    0.305080E-08    0.646475E-19    0.406358E-20    0.000000E+00    0.610955E-19    0.000000E+00    0.000000E+00    0.406358E-20    0.302773E-18    0.000000E+00    0.824063E-19    0.000000E+00    0.000000E+00    0.000000E+00    0.000000E+00    0.516753E-19    0.000000E+00    0.493424E-19    0.000000E+00    0.610955E-19    0.824063E-19    0.000000E+00    0.636977E-18    0.000000E+00    0.000000E+00    0.000000E+00    0.000000E+00    0.493424E-19    0.000000E+00    0.579670E-18    0.000000E+00    0.000000E+00    0.000000E+00    0.000000E+00    0.000000E+00    0.000000E+00    0.165399E-16
 1700    0.299270E-08    0.620995E-19    0.353064E-20    0.000000E+00    0.580816E-19    0.000000E+00    0.000000E+00    0.353064E-20    0.300095E-18    0.000000E+00    0.759722E-19    0.000000E+00    0.000000E+00    0.000000E+00    0.000000E+00    0.506506E-19    0.000000E+00    0.483520E-19    0.000000E+00    0.580816E-19    0.759722E-19    0.000000E+00    0.619644E-18    0.000000E+00    0.000000E+00    0.000000E+00    0.000000E+00    0.483520E-19    0.000000E+00    0.568087E-18    0.000000E+00    0.000000E+00    0.000000E+00    0.000000E+00    0.000000E+00    0.000000E+00    0.160624E-16
 1720    0.293640E-08    0.596534E-19    0.308793E-20    0.000000E+00    0.552787E-19    0.000000E+00    0.000000E+00    0.308793E-20    0.298563E-18    0.000000E+00    0.701488E-19    0.000000E+00    0.000000E+00    0.000000E+00    0.000000E+00    0.496652E-19    0.000000E+00    0.474014E-19    0.000000E+00    0.552787E-19    0.701488E-19    0.000000E+00    0.597233E-18    0.000000E+00    0.000000E+00    0.000000E+00    0.000000E+00    0.474014E-19    0.000000E+00    0.556824E-18    0.000000E+00    0.000000E+00    0.000000E+00    0.000000E+00    0.000000E+00    0.000000E+00    0.156114E-16
 1740    0.288180E-08    0.573268E-19    0.277298E-20    0.000000E+00    0.528089E-19    0.000000E+00    0.000000E+00    0.277298E-20    0.297916E-18    0.000000E+00    0.654663E-19    0.000000E+00    0.000000E+00    0.000000E+00    0.000000E+00    0.487174E-19    0.000000E+00    0.464875E-19    0.000000E+00    0.528089E-19    0.654663E-19    0.000000E+00    0.571242E-18    0.000000E+00    0.000000E+00    0.000000E+00    0.000000E+00    0.464875E-19    0.000000E+00    0.545821E-18    0.000000E+00    0.000000E+00    0.000000E+00    0.000000E+00    0.000000E+00    0.000000E+00    0.151854E-16
 1760    0.282880E-08    0.551460E-19    0.260401E-20    0.000000E+00    0.507428E-19    0.000000E+00    0.000000E+00    0.260401E-20    0.297838E-18    0.000000E+00    0.621509E-19    0.000000E+00    0.000000E+00    0.000000E+00    0.000000E+00    0.478063E-19    0.000000E+00    0.456115E-19    0.000000E+00    0.507428E-19    0.621509E-19    0.000000E+00    0.543834E-18    0.000000E+00    0.000000E+00    0.000000E+00    0.000000E+00    0.456115E-19    0.000000E+00    0.535086E-18    0.000000E+00    0.000000E+00    0.000000E+00    0.000000E+00    0.000000E+00    0.000000E+00    0.147830E-16
 1780    0.277740E-08    0.531306E-19    0.257681E-20    0.000000E+00    0.490759E-19    0.000000E+00    0.000000E+00    0.257681E-20    0.297942E-18    0.000000E+00    0.601538E-19    0.000000E+00    0.000000E+00    0.000000E+00    0.000000E+00    0.469307E-19    0.000000E+00    0.447715E-19    0.000000E+00    0.490759E-19    0.601538E-19    0.000000E+00    0.516703E-18    0.000000E+00    0.000000E+00    0.000000E+00    0.000000E+00    0.447715E-19    0.000000E+00    0.524650E-18    0.000000E+00    0.000000E+00    0.000000E+00    0.000000E+00    0.000000E+00    0.000000E+00    0.144029E-16
 1800    0.272760E-08    0.512866E-19    0.266475E-20    0.000000E+00    0.477356E-19    0.000000E+00    0.000000E+00    0.266475E-20    0.297819E-18    0.000000E+00    0.591972E-19    0.000000E+00    0.000000E+00    0.000000E+00    0.000000E+00    0.460873E-19    0.000000E+00    0.439641E-19    0.000000E+00    0.477356E-19    0.591972E-19    0.000000E+00    0.490509E-18    0.000000E+00    0.000000E+00    0.000000E+00    0.000000E+00    0.439641E-19    0.000000E+00    0.514529E-18    0.000000E+00    0.000000E+00    0.000000E+00    0.000000E+00    0.000000E+00    0.000000E+00    0.140440E-16
 1820    0.267920E-08    0.496095E-19    0.282324E-20    0.000000E+00    0.466175E-19    0.000000E+00    0.000000E+00    0.282324E-20    0.297146E-18    0.000000E+00    0.588409E-19    0.000000E+00    0.000000E+00    0.000000E+00    0.000000E+00    0.452727E-19    0.000000E+00    0.431859E-19    0.000000E+00    0.466175E-19    0.588409E-19    0.000000E+00    0.465241E-18    0.000000E+00    0.000000E+00    0.000000E+00    0.000000E+00    0.431859E-19    0.000000E+00    0.504714E-18    0.000000E+00    0.000000E+00    0.000000E+00    0.000000E+00    0.000000E+00    0.000000E+00    0.137048E-16
 1840    0.263220E-08    0.480812E-19    0.299617E-20    0.000000E+00    0.456075E-19    0.000000E+00    0.000000E+00    0.299617E-20    0.295733E-18    0.000000E+00    0.585931E-19    0.000000E+00    0.000000E+00    0.000000E+00    0.000000E+00    0.444833E-19    0.000000E+00    0.424339E-19    0.000000E+00    0.456075E-19    0.585931E-19    0.000000E+00    0.441216E-18    0.000000E+00    0.000000E+00    0.000000E+00    0.000000E+00    0.424339E-19    0.000000E+00    0.495202E-18    0.000000E+00    0.000000E+00    0.000000E+00    0.000000E+00    0.000000E+00    0.000000E+00    0.133840E-16
 1860    0.258660E-08    0.466797E-19    0.312756E-20    0.000000E+00    0.446170E-19    0.000000E+00    0.000000E+00    0.312756E-20    0.293646E-18    0.000000E+00    0.581295E-19    0.000000E+00    0.000000E+00    0.000000E+00    0.000000E+00    0.437169E-19    0.000000E+00    0.417058E-19    0.000000E+00    0.446170E-19    0.581295E-19    0.000000E+00    0.419951E-18    0.000000E+00    0.000000E+00    0.000000E+00    0.000000E+00    0.417058E-19    0.000000E+00    0.485996E-18    0.000000E+00    0.000000E+00    0.000000E+00    0.000000E+00    0.000000E+00    0.000000E+00    0.130803E-16
 1880    0.254220E-08    0.453684E-19    0.317062E-20    0.000000E+00    0.435826E-19    0.000000E+00    0.000000E+00    0.317062E-20    0.291103E-18    0.000000E+00    0.573057E-19    0.000000E+00    0.000000E+00    0.000000E+00    0.000000E+00    0.429689E-19    0.000000E+00    0.409973E-19    0.000000E+00    0.435826E-19    0.573057E-19    0.000000E+00    0.403401E-18    0.000000E+00    0.000000E+00    0.000000E+00    0.000000E+00    0.409973E-19    0.000000E+00    0.477101E-18    0.000000E+00    0.000000E+00    0.000000E+00    0.000000E+00    0.000000E+00    0.000000E+00    0.127924E-16
 1900    0.249910E-08    0.441110E-19    0.309635E-20    0.000000E+00    0.424682E-19    0.000000E+00    0.000000E+00    0.309635E-20    0.288515E-18    0.000000E+00    0.559533E-19    0.000000E+00    0.000000E+00    0.000000E+00    0.000000E+00    0.422375E-19    0.000000E+00    0.403060E-19    0.000000E+00    0.424682E-19    0.559533E-19    0.000000E+00    0.392188E-18    0.000000E+00    0.000000E+00    0.000000E+00    0.000000E+00    0.403060E-19    0.000000E+00    0.468573E-18    0.000000E+00    0.000000E+00    0.000000E+00    0.000000E+00    0.000000E+00    0.000000E+00    0.125189E-16
 1920    0.245710E-08    0.428777E-19    0.289885E-20    0.000000E+00    0.412574E-19    0.000000E+00    0.000000E+00    0.289885E-20    0.286402E-18    0.000000E+00    0.538088E-19    0.000000E+00    0.000000E+00    0.000000E+00    0.000000E+00    0.415232E-19    0.000000E+00    0.396322E-19    0.000000E+00    0.412574E-19    0.538088E-19    0.000000E+00    0.385085E-18    0.000000E+00    0.000000E+00    0.000000E+00    0.000000E+00    0.396322E-19    0.000000E+00    0.460467E-18    0.000000E+00    0.000000E+00    0.000000E+00    0.000000E+00    0.000000E+00    0.000000E+00    0.122586E-16
 1940    0.241630E-08    0.416415E-19    0.259357E-20    0.000000E+00    0.399371E-19    0.000000E+00    0.000000E+00    0.259357E-20    0.285258E-18    0.000000E+00    0.506749E-19    0.000000E+00    0.000000E+00    0.000000E+00    0.000000E+00    0.408251E-19    0.000000E+00    0.389745E-19    0.000000E+00    0.399371E-19    0.506749E-19    0.000000E+00    0.379774E-18    0.000000E+00    0.000000E+00    0.000000E+00    0.000000E+00    0.389745E-19    0.000000E+00    0.452821E-18    0.000000E+00    0.000000E+00    0.000000E+00    0.000000E+00    0.000000E+00    0.000000E+00    0.120107E-16
 1960    0.237650E-08    0.403904E-19    0.221418E-20    0.000000E+00    0.385072E-19    0.000000E+00    0.000000E+00    0.221418E-20    0.285518E-18    0.000000E+00    0.466524E-19    0.000000E+00    0.000000E+00    0.000000E+00    0.000000E+00    0.401444E-19    0.000000E+00    0.383343E-19    0.000000E+00    0.385072E-19    0.466524E-19    0.000000E+00    0.373687E-18    0.000000E+00    0.000000E+00    0.000000E+00    0.000000E+00    0.383343E-19    0.000000E+00    0.445614E-18    0.000000E+00    0.000000E+00    0.000000E+00    0.000000E+00    0.000000E+00    0.000000E+00    0.117743E-16
 1980    0.233790E-08    0.391254E-19    0.180544E-20    0.000000E+00    0.369891E-19    0.000000E+00    0.000000E+00    0.180544E-20    0.287504E-18    0.000000E+00    0.422134E-19    0.000000E+00    0.000000E+00    0.000000E+00    0.000000E+00    0.394823E-19    0.000000E+00    0.377116E-19    0.000000E+00    0.369891E-19    0.422134E-19    0.000000E+00    0.364733E-18    0.000000E+00    0.000000E+00    0.000000E+00    0.000000E+00    0.377116E-19    0.000000E+00    0.438767E-18    0.000000E+00    0.000000E+00    0.000000E+00    0.000000E+00    0.000000E+00    0.000000E+00    0.115487E-16
 2000    0.230020E-08    0.378606E-19    0.141653E-20    0.000000E+00    0.354426E-19    0.000000E+00    0.000000E+00    0.141653E-20    0.291343E-18    0.000000E+00    0.380492E-19    0.000000E+00    0.000000E+00    0.000000E+00    0.000000E+00    0.388403E-19    0.000000E+00    0.371082E-19    0.000000E+00    0.354426E-19    0.380492E-19    0.000000E+00    0.352012E-18    0.000000E+00    0.000000E+00    0.000000E+00    0.000000E+00    0.371082E-19    0.000000E+00    0.432161E-18    0.000000E+00    0.000000E+00    0.000000E+00    0.000000E+00    0.000000E+00    0.000000E+00    0.113335E-16
 2020    0.226350E-08    0.366228E-19    0.109409E-20    0.000000E+00    0.339686E-19    0.000000E+00    0.000000E+00    0.109409E-20    0.296978E-18    0.000000E+00    0.347444E-19    0.000000E+00    0.000000E+00    0.000000E+00    0.000000E+00    0.382194E-19    0.000000E+00    0.365264E-19    0.000000E+00    0.339686E-19    0.347444E-19    0.000000E+00    0.336229E-18    0.000000E+00    0.000000E+00    0.000000E+00    0.000000E+00    0.365264E-19    0.000000E+00    0.425670E-18    0.000000E+00    0.000000E+00    0.000000E+00    0.000000E+00    0.000000E+00    0.000000E+00    0.111283E-16
 2040    0.222770E-08    0.354446E-19    0.875840E-21    0.000000E+00    0.326732E-19    0.000000E+00    0.000000E+00    0.875840E-21    0.304120E-18    0.000000E+00    0.325458E-19    0.000000E+00    0.000000E+00    0.000000E+00    0.000000E+00    0.376207E-19    0.000000E+00    0.359667E-19    0.000000E+00    0.326732E-19    0.325458E-19    0.000000E+00    0.319223E-18    0.000000E+00    0.000000E+00    0.000000E+00    0.000000E+00    0.359667E-19    0.000000E+00    0.419235E-18    0.000000E+00    0.000000E+00    0.000000E+00    0.000000E+00    0.000000E+00    0.000000E+00    0.109328E-16
 2060    0.219280E-08    0.343559E-19    0.786175E-21    0.000000E+00    0.316297E-19    0.000000E+00    0.000000E+00    0.786175E-21    0.312193E-18    0.000000E+00    0.314293E-19    0.000000E+00    0.000000E+00    0.000000E+00    0.000000E+00    0.370425E-19    0.000000E+00    0.354277E-19    0.000000E+00    0.316297E-19    0.314293E-19    0.000000E+00    0.302964E-18    0.000000E+00    0.000000E+00    0.000000E+00    0.000000E+00    0.354277E-19    0.000000E+00    0.412835E-18    0.000000E+00    0.000000E+00    0.000000E+00    0.000000E+00    0.000000E+00    0.000000E+00    0.107466E-16
 2080    0.215880E-08    0.333839E-19    0.830642E-21    0.000000E+00    0.308550E-19    0.000000E+00    0.000000E+00    0.830642E-21    0.320396E-18    0.000000E+00    0.312691E-19    0.000000E+00    0.000000E+00    0.000000E+00    0.000000E+00    0.364828E-19    0.000000E+00    0.349066E-19    0.000000E+00    0.308550E-19    0.312691E-19    0.000000E+00    0.288714E-18    0.000000E+00    0.000000E+00    0.000000E+00    0.000000E+00    0.349066E-19    0.000000E+00    0.406506E-18    0.000000E+00    0.000000E+00    0.000000E+00    0.000000E+00    0.000000E+00    0.000000E+00    0.105695E-16
 2100    0.212570E-08    0.325518E-19    0.992036E-21    0.000000E+00    0.303206E-19    0.000000E+00    0.000000E+00    0.992036E-21    0.327878E-18    0.000000E+00    0.319015E-19    0.000000E+00    0.000000E+00    0.000000E+00    0.000000E+00    0.359408E-19    0.000000E+00    0.344041E-19    0.000000E+00    0.303206E-19    0.319015E-19    0.000000E+00    0.276631E-18    0.000000E+00    0.000000E+00    0.000000E+00    0.000000E+00    0.344041E-19    0.000000E+00    0.400305E-18    0.000000E+00    0.000000E+00    0.000000E+00    0.000000E+00    0.000000E+00    0.000000E+00    0.104011E-16
 2120    0.209330E-08    0.318686E-19    0.123179E-20    0.000000E+00    0.299736E-19    0.000000E+00    0.000000E+00    0.123179E-20    0.333707E-18    0.000000E+00    0.330545E-19    0.000000E+00    0.000000E+00    0.000000E+00    0.000000E+00    0.354111E-19    0.000000E+00    0.339138E-19    0.000000E+00    0.299736E-19    0.330545E-19    0.000000E+00    0.265837E-18    0.000000E+00    0.000000E+00    0.000000E+00    0.000000E+00    0.339138E-19    0.000000E+00    0.394225E-18    0.000000E+00    0.000000E+00    0.000000E+00    0.000000E+00    0.000000E+00    0.000000E+00    0.102409E-16
 2140    0.206180E-08    0.313355E-19    0.149382E-20    0.000000E+00    0.297559E-19    0.000000E+00    0.000000E+00    0.149382E-20    0.337326E-18    0.000000E+00    0.342448E-19    0.000000E+00    0.000000E+00    0.000000E+00    0.000000E+00    0.348923E-19    0.000000E+00    0.334352E-19    0.000000E+00    0.297559E-19    0.342448E-19    0.000000E+00    0.254863E-18    0.000000E+00    0.000000E+00    0.000000E+00    0.000000E+00    0.334352E-19    0.000000E+00    0.388250E-18    0.000000E+00    0.000000E+00    0.000000E+00    0.000000E+00    0.000000E+00    0.000000E+00    0.100881E-16
 2160    0.203100E-08    0.309423E-19    0.171615E-20    0.000000E+00    0.296100E-19    0.000000E+00    0.000000E+00    0.171615E-20    0.338560E-18    0.000000E+00    0.348946E-19    0.000000E+00    0.000000E+00    0.000000E+00    0.000000E+00    0.343802E-19    0.000000E+00    0.329641E-19    0.000000E+00    0.296100E-19    0.348946E-19    0.000000E+00    0.243017E-18    0.000000E+00    0.000000E+00    0.000000E+00    0.000000E+00    0.329641E-19    0.000000E+00    0.382349E-18    0.000000E+00    0.000000E+00    0.000000E+00    0.000000E+00    0.000000E+00    0.000000E+00    0.994221E-17
 2180    0.200090E-08    0.306705E-19    0.184428E-20    0.000000E+00    0.294932E-19    0.000000E+00    0.000000E+00    0.184428E-20    0.337792E-18    0.000000E+00    0.347462E-19    0.000000E+00    0.000000E+00    0.000000E+00    0.000000E+00    0.338729E-19    0.000000E+00    0.324982E-19    0.000000E+00    0.294932E-19    0.347462E-19    0.000000E+00    0.231904E-18    0.000000E+00    0.000000E+00    0.000000E+00    0.000000E+00    0.324982E-19    0.000000E+00    0.376500E-18    0.000000E+00    0.000000E+00    0.000000E+00    0.000000E+00    0.000000E+00    0.000000E+00    0.980243E-17
 2200    0.197160E-08    0.304957E-19    0.184058E-20    0.000000E+00    0.293768E-19    0.000000E+00    0.000000E+00    0.184058E-20    0.335797E-18    0.000000E+00    0.339435E-19    0.000000E+00    0.000000E+00    0.000000E+00    0.000000E+00    0.333696E-19    0.000000E+00    0.320379E-19    0.000000E+00    0.293768E-19    0.339435E-19    0.000000E+00    0.224394E-18    0.000000E+00    0.000000E+00    0.000000E+00    0.000000E+00    0.320379E-19    0.000000E+00    0.370746E-18    0.000000E+00    0.000000E+00    0.000000E+00    0.000000E+00    0.000000E+00    0.000000E+00    0.966821E-17
 2220    0.194290E-08    0.303804E-19    0.168970E-20    0.000000E+00    0.292352E-19    0.000000E+00    0.000000E+00    0.168970E-20    0.333490E-18    0.000000E+00    0.325900E-19    0.000000E+00    0.000000E+00    0.000000E+00    0.000000E+00    0.328692E-19    0.000000E+00    0.315810E-19    0.000000E+00    0.292352E-19    0.325900E-19    0.000000E+00    0.221847E-18    0.000000E+00    0.000000E+00    0.000000E+00    0.000000E+00    0.315810E-19    0.000000E+00    0.365163E-18    0.000000E+00    0.000000E+00    0.000000E+00    0.000000E+00    0.000000E+00    0.000000E+00    0.953875E-17
 2240    0.191500E-08    0.302898E-19    0.140054E-20    0.000000E+00    0.290508E-19    0.000000E+00    0.000000E+00    0.140054E-20    0.331771E-18    0.000000E+00    0.305612E-19    0.000000E+00    0.000000E+00    0.000000E+00    0.000000E+00    0.323732E-19    0.000000E+00    0.311286E-19    0.000000E+00    0.290508E-19    0.305612E-19    0.000000E+00    0.223727E-18    0.000000E+00    0.000000E+00    0.000000E+00    0.000000E+00    0.311286E-19    0.000000E+00    0.359872E-18    0.000000E+00    0.000000E+00    0.000000E+00    0.000000E+00    0.000000E+00    0.000000E+00    0.941358E-17
 2260    0.188760E-08    0.301935E-19    0.100125E-20    0.000000E+00    0.288023E-19    0.000000E+00    0.000000E+00    0.100125E-20    0.331362E-18    0.000000E+00    0.276763E-19    0.000000E+00    0.000000E+00    0.000000E+00    0.000000E+00    0.318830E-19    0.000000E+00    0.306811E-19    0.000000E+00    0.288023E-19    0.276763E-19    0.000000E+00    0.228517E-18    0.000000E+00    0.000000E+00    0.000000E+00    0.000000E+00    0.306811E-19    0.000000E+00    0.354991E-18    0.000000E+00    0.000000E+00    0.000000E+00    0.000000E+00    0.000000E+00    0.000000E+00    0.929251E-17
 2280    0.186100E-08    0.300621E-19    0.536857E-21    0.000000E+00    0.284864E-19    0.000000E+00    0.000000E+00    0.536857E-21    0.332590E-18    0.000000E+00    0.239788E-19    0.000000E+00    0.000000E+00    0.000000E+00    0.000000E+00    0.314008E-19    0.000000E+00    0.302394E-19    0.000000E+00    0.284864E-19    0.239788E-19    0.000000E+00    0.234279E-18    0.000000E+00    0.000000E+00    0.000000E+00    0.000000E+00    0.302394E-19    0.000000E+00    0.350575E-18    0.000000E+00    0.000000E+00    0.000000E+00    0.000000E+00    0.000000E+00    0.000000E+00    0.917522E-17
 2300    0.183490E-08    0.298862E-19    0.597385E-22    0.000000E+00    0.280996E-19    0.000000E+00    0.000000E+00    0.597385E-22    0.335508E-18    0.000000E+00    0.198480E-19    0.000000E+00    0.000000E+00    0.000000E+00    0.000000E+00    0.309290E-19    0.000000E+00    0.298075E-19    0.000000E+00    0.280996E-19    0.198480E-19    0.000000E+00    0.238993E-18    0.000000E+00    0.000000E+00    0.000000E+00    0.000000E+00    0.298075E-19    0.000000E+00    0.346629E-18    0.000000E+00    0.000000E+00    0.000000E+00    0.000000E+00    0.000000E+00    0.000000E+00    0.906172E-17
 2320    0.180940E-08    0.296610E-19   -0.373922E-21    0.000000E+00    0.276649E-19    0.000000E+00    0.000000E+00   -0.373922E-21    0.339704E-18    0.000000E+00    0.159782E-19    0.000000E+00    0.000000E+00    0.000000E+00    0.000000E+00    0.304685E-19    0.000000E+00    0.293853E-19    0.000000E+00    0.276649E-19    0.159782E-19    0.000000E+00    0.240989E-18    0.000000E+00    0.000000E+00    0.000000E+00    0.000000E+00    0.293853E-19    0.000000E+00    0.343038E-18    0.000000E+00    0.000000E+00    0.000000E+00    0.000000E+00    0.000000E+00    0.000000E+00    0.895189E-17
 2340    0.178450E-08    0.294024E-19   -0.715581E-21    0.000000E+00    0.272238E-19    0.000000E+00    0.000000E+00   -0.715581E-21    0.344499E-18    0.000000E+00    0.130463E-19    0.000000E+00    0.000000E+00    0.000000E+00    0.000000E+00    0.300204E-19    0.000000E+00    0.289738E-19    0.000000E+00    0.272238E-19    0.130463E-19    0.000000E+00    0.239529E-18    0.000000E+00    0.000000E+00    0.000000E+00    0.000000E+00    0.289738E-19    0.000000E+00    0.339660E-18    0.000000E+00    0.000000E+00    0.000000E+00    0.000000E+00    0.000000E+00    0.000000E+00    0.884587E-17
 2360    0.176010E-08    0.291318E-19   -0.930474E-21    0.000000E+00    0.268364E-19    0.000000E+00    0.000000E+00   -0.930474E-21    0.348852E-18    0.000000E+00    0.114020E-19    0.000000E+00    0.000000E+00    0.000000E+00    0.000000E+00    0.295842E-19    0.000000E+00    0.285735E-19    0.000000E+00    0.268364E-19    0.114020E-19    0.000000E+00    0.235005E-18    0.000000E+00    0.000000E+00    0.000000E+00    0.000000E+00    0.285735E-19    0.000000E+00    0.336323E-18    0.000000E+00    0.000000E+00    0.000000E+00    0.000000E+00    0.000000E+00    0.000000E+00    0.874365E-17
 2380    0.173630E-08    0.288730E-19   -0.100823E-20    0.000000E+00    0.265461E-19    0.000000E+00    0.000000E+00   -0.100823E-20    0.351615E-18    0.000000E+00    0.109573E-19    0.000000E+00    0.000000E+00    0.000000E+00    0.000000E+00    0.291577E-19    0.000000E+00    0.281818E-19    0.000000E+00    0.265461E-19    0.109573E-19    0.000000E+00    0.228554E-18    0.000000E+00    0.000000E+00    0.000000E+00    0.000000E+00    0.281818E-19    0.000000E+00    0.332921E-18    0.000000E+00    0.000000E+00    0.000000E+00    0.000000E+00    0.000000E+00    0.000000E+00    0.864510E-17
 2400    0.171300E-08    0.286522E-19   -0.968016E-21    0.000000E+00    0.263718E-19    0.000000E+00    0.000000E+00   -0.968016E-21    0.351840E-18    0.000000E+00    0.113525E-19    0.000000E+00    0.000000E+00    0.000000E+00    0.000000E+00    0.287390E-19    0.000000E+00    0.277977E-19    0.000000E+00    0.263718E-19    0.113525E-19    0.000000E+00    0.221290E-18    0.000000E+00    0.000000E+00    0.000000E+00    0.000000E+00    0.277977E-19    0.000000E+00    0.329410E-18    0.000000E+00    0.000000E+00    0.000000E+00    0.000000E+00    0.000000E+00    0.000000E+00    0.855008E-17
 2420    0.169030E-08    0.284894E-19   -0.854433E-21    0.000000E+00    0.263042E-19    0.000000E+00    0.000000E+00   -0.854433E-21    0.349016E-18    0.000000E+00    0.121504E-19    0.000000E+00    0.000000E+00    0.000000E+00    0.000000E+00    0.283260E-19    0.000000E+00    0.274198E-19    0.000000E+00    0.263042E-19    0.121504E-19    0.000000E+00    0.213752E-18    0.000000E+00    0.000000E+00    0.000000E+00    0.000000E+00    0.274198E-19    0.000000E+00    0.325786E-18    0.000000E+00    0.000000E+00    0.000000E+00    0.000000E+00    0.000000E+00    0.000000E+00    0.845854E-17
 2440    0.166800E-08    0.283865E-19   -0.726442E-21    0.000000E+00    0.263143E-19    0.000000E+00    0.000000E+00   -0.726442E-21    0.343167E-18    0.000000E+00    0.129089E-19    0.000000E+00    0.000000E+00    0.000000E+00    0.000000E+00    0.279149E-19    0.000000E+00    0.270432E-19    0.000000E+00    0.263143E-19    0.129089E-19    0.000000E+00    0.205786E-18    0.000000E+00    0.000000E+00    0.000000E+00    0.000000E+00    0.270432E-19    0.000000E+00    0.322025E-18    0.000000E+00    0.000000E+00    0.000000E+00    0.000000E+00    0.000000E+00    0.000000E+00    0.837012E-17
 2460    0.164620E-08    0.283391E-19   -0.641966E-21    0.000000E+00    0.263654E-19    0.000000E+00    0.000000E+00   -0.641966E-21    0.334911E-18    0.000000E+00    0.132340E-19    0.000000E+00    0.000000E+00    0.000000E+00    0.000000E+00    0.275045E-19    0.000000E+00    0.266668E-19    0.000000E+00    0.263654E-19    0.132340E-19    0.000000E+00    0.197086E-18    0.000000E+00    0.000000E+00    0.000000E+00    0.000000E+00    0.266668E-19    0.000000E+00    0.318131E-18    0.000000E+00    0.000000E+00    0.000000E+00    0.000000E+00    0.000000E+00    0.000000E+00    0.828448E-17
 2480    0.162480E-08    0.283216E-19   -0.643068E-21    0.000000E+00    0.264089E-19    0.000000E+00    0.000000E+00   -0.643068E-21    0.325154E-18    0.000000E+00    0.129151E-19    0.000000E+00    0.000000E+00    0.000000E+00    0.000000E+00    0.270930E-19    0.000000E+00    0.262889E-19    0.000000E+00    0.264089E-19    0.129151E-19    0.000000E+00    0.188364E-18    0.000000E+00    0.000000E+00    0.000000E+00    0.000000E+00    0.262889E-19    0.000000E+00    0.314104E-18    0.000000E+00    0.000000E+00    0.000000E+00    0.000000E+00    0.000000E+00    0.000000E+00    0.820134E-17
 2500    0.160390E-08    0.283039E-19   -0.747824E-21    0.000000E+00    0.263967E-19    0.000000E+00    0.000000E+00   -0.747824E-21    0.314867E-18    0.000000E+00    0.119962E-19    0.000000E+00    0.000000E+00    0.000000E+00    0.000000E+00    0.266806E-19    0.000000E+00    0.259115E-19    0.000000E+00    0.263967E-19    0.119962E-19    0.000000E+00    0.181216E-18    0.000000E+00    0.000000E+00    0.000000E+00    0.000000E+00    0.259115E-19    0.000000E+00    0.309997E-18    0.000000E+00    0.000000E+00    0.000000E+00    0.000000E+00    0.000000E+00    0.000000E+00    0.812046E-17
 2520    0.158350E-08    0.282482E-19   -0.948998E-21    0.000000E+00    0.262942E-19    0.000000E+00    0.000000E+00   -0.948998E-21    0.304818E-18    0.000000E+00    0.105849E-19    0.000000E+00    0.000000E+00    0.000000E+00    0.000000E+00    0.262677E-19    0.000000E+00    0.255330E-19    0.000000E+00    0.262942E-19    0.105849E-19    0.000000E+00    0.176024E-18    0.000000E+00    0.000000E+00    0.000000E+00    0.000000E+00    0.255330E-19    0.000000E+00    0.305858E-18    0.000000E+00    0.000000E+00    0.000000E+00    0.000000E+00    0.000000E+00    0.000000E+00    0.804174E-17
 2540    0.156340E-08    0.281105E-19   -0.121553E-20    0.000000E+00    0.260800E-19    0.000000E+00    0.000000E+00   -0.121553E-20    0.295441E-18    0.000000E+00    0.879888E-20    0.000000E+00    0.000000E+00    0.000000E+00    0.000000E+00    0.258568E-19    0.000000E+00    0.251550E-19    0.000000E+00    0.260800E-19    0.879888E-20    0.000000E+00    0.171683E-18    0.000000E+00    0.000000E+00    0.000000E+00    0.000000E+00    0.251550E-19    0.000000E+00    0.301765E-18    0.000000E+00    0.000000E+00    0.000000E+00    0.000000E+00    0.000000E+00    0.000000E+00    0.796494E-17
 2560    0.154380E-08    0.278633E-19   -0.150111E-20    0.000000E+00    0.257492E-19    0.000000E+00    0.000000E+00   -0.150111E-20    0.286862E-18    0.000000E+00    0.686747E-20    0.000000E+00    0.000000E+00    0.000000E+00    0.000000E+00    0.254493E-19    0.000000E+00    0.247796E-19    0.000000E+00    0.257492E-19    0.686747E-20    0.000000E+00    0.166839E-18    0.000000E+00    0.000000E+00    0.000000E+00    0.000000E+00    0.247796E-19    0.000000E+00    0.297770E-18    0.000000E+00    0.000000E+00    0.000000E+00    0.000000E+00    0.000000E+00    0.000000E+00    0.789015E-17
 2580    0.152460E-08    0.275006E-19   -0.175391E-20    0.000000E+00    0.253157E-19    0.000000E+00    0.000000E+00   -0.175391E-20    0.278940E-18    0.000000E+00    0.514261E-20    0.000000E+00    0.000000E+00    0.000000E+00    0.000000E+00    0.250480E-19    0.000000E+00    0.244091E-19    0.000000E+00    0.253157E-19    0.514261E-20    0.000000E+00    0.160687E-18    0.000000E+00    0.000000E+00    0.000000E+00    0.000000E+00    0.244091E-19    0.000000E+00    0.293877E-18    0.000000E+00    0.000000E+00    0.000000E+00    0.000000E+00    0.000000E+00    0.000000E+00    0.781749E-17
 2600    0.150580E-08    0.270303E-19   -0.192633E-20    0.000000E+00    0.248097E-19    0.000000E+00    0.000000E+00   -0.192633E-20    0.271330E-18    0.000000E+00    0.394823E-20    0.000000E+00    0.000000E+00    0.000000E+00    0.000000E+00    0.246543E-19    0.000000E+00    0.240445E-19    0.000000E+00    0.248097E-19    0.394823E-20    0.000000E+00    0.153243E-18    0.000000E+00    0.000000E+00    0.000000E+00    0.000000E+00    0.240445E-19    0.000000E+00    0.290031E-18    0.000000E+00    0.000000E+00    0.000000E+00    0.000000E+00    0.000000E+00    0.000000E+00    0.774704E-17
 2620    0.148730E-08    0.264924E-19   -0.198885E-20    0.000000E+00    0.242818E-19    0.000000E+00    0.000000E+00   -0.198885E-20    0.263660E-18    0.000000E+00    0.338297E-20    0.000000E+00    0.000000E+00    0.000000E+00    0.000000E+00    0.242701E-19    0.000000E+00    0.236874E-19    0.000000E+00    0.242818E-19    0.338297E-20    0.000000E+00    0.145219E-18    0.000000E+00    0.000000E+00    0.000000E+00    0.000000E+00    0.236874E-19    0.000000E+00    0.286186E-18    0.000000E+00    0.000000E+00    0.000000E+00    0.000000E+00    0.000000E+00    0.000000E+00    0.767891E-17
 2640    0.146920E-08    0.259314E-19   -0.193303E-20    0.000000E+00    0.237858E-19    0.000000E+00    0.000000E+00   -0.193303E-20    0.255577E-18    0.000000E+00    0.332963E-20    0.000000E+00    0.000000E+00    0.000000E+00    0.000000E+00    0.238951E-19    0.000000E+00    0.233379E-19    0.000000E+00    0.237858E-19    0.332963E-20    0.000000E+00    0.137699E-18    0.000000E+00    0.000000E+00    0.000000E+00    0.000000E+00    0.233379E-19    0.000000E+00    0.282341E-18    0.000000E+00    0.000000E+00    0.000000E+00    0.000000E+00    0.000000E+00    0.000000E+00    0.761319E-17
 2660    0.145150E-08    0.254019E-19   -0.177499E-20    0.000000E+00    0.233653E-19    0.000000E+00    0.000000E+00   -0.177499E-20    0.246897E-18    0.000000E+00    0.360502E-20    0.000000E+00    0.000000E+00    0.000000E+00    0.000000E+00    0.235289E-19    0.000000E+00    0.229955E-19    0.000000E+00    0.233653E-19    0.360502E-20    0.000000E+00    0.131688E-18    0.000000E+00    0.000000E+00    0.000000E+00    0.000000E+00    0.229955E-19    0.000000E+00    0.278568E-18    0.000000E+00    0.000000E+00    0.000000E+00    0.000000E+00    0.000000E+00    0.000000E+00    0.754996E-17
 2680    0.143410E-08    0.249506E-19   -0.154855E-20    0.000000E+00    0.230434E-19    0.000000E+00    0.000000E+00   -0.154855E-20    0.237618E-18    0.000000E+00    0.408599E-20    0.000000E+00    0.000000E+00    0.000000E+00    0.000000E+00    0.231704E-19    0.000000E+00    0.226587E-19    0.000000E+00    0.230434E-19    0.408599E-20    0.000000E+00    0.127940E-18    0.000000E+00    0.000000E+00    0.000000E+00    0.000000E+00    0.226587E-19    0.000000E+00    0.274956E-18    0.000000E+00    0.000000E+00    0.000000E+00    0.000000E+00    0.000000E+00    0.000000E+00    0.748919E-17
 2700    0.141700E-08    0.246111E-19   -0.129663E-20    0.000000E+00    0.228287E-19    0.000000E+00    0.000000E+00   -0.129663E-20    0.227920E-18    0.000000E+00    0.471551E-20    0.000000E+00    0.000000E+00    0.000000E+00    0.000000E+00    0.228177E-19    0.000000E+00    0.223257E-19    0.000000E+00    0.228287E-19    0.471551E-20    0.000000E+00    0.126932E-18    0.000000E+00    0.000000E+00    0.000000E+00    0.000000E+00    0.223257E-19    0.000000E+00    0.271532E-18    0.000000E+00    0.000000E+00    0.000000E+00    0.000000E+00    0.000000E+00    0.000000E+00    0.743077E-17
 2720    0.140030E-08    0.244114E-19   -0.106033E-20    0.000000E+00    0.227172E-19    0.000000E+00    0.000000E+00   -0.106033E-20    0.218109E-18    0.000000E+00    0.546900E-20    0.000000E+00    0.000000E+00    0.000000E+00    0.000000E+00    0.224702E-19    0.000000E+00    0.219959E-19    0.000000E+00    0.227172E-19    0.546900E-20    0.000000E+00    0.128943E-18    0.000000E+00    0.000000E+00    0.000000E+00    0.000000E+00    0.219959E-19    0.000000E+00    0.268278E-18    0.000000E+00    0.000000E+00    0.000000E+00    0.000000E+00    0.000000E+00    0.000000E+00    0.737474E-17
 2740    0.138390E-08    0.243498E-19   -0.873328E-21    0.000000E+00    0.226955E-19    0.000000E+00    0.000000E+00   -0.873328E-21    0.208491E-18    0.000000E+00    0.630571E-20    0.000000E+00    0.000000E+00    0.000000E+00    0.000000E+00    0.221264E-19    0.000000E+00    0.216684E-19    0.000000E+00    0.226955E-19    0.630571E-20    0.000000E+00    0.133860E-18    0.000000E+00    0.000000E+00    0.000000E+00    0.000000E+00    0.216684E-19    0.000000E+00    0.265112E-18    0.000000E+00    0.000000E+00    0.000000E+00    0.000000E+00    0.000000E+00    0.000000E+00    0.732097E-17
 2760    0.136780E-08    0.244105E-19   -0.756611E-21    0.000000E+00    0.227386E-19    0.000000E+00    0.000000E+00   -0.756611E-21    0.199331E-18    0.000000E+00    0.711404E-20    0.000000E+00    0.000000E+00    0.000000E+00    0.000000E+00    0.217860E-19    0.000000E+00    0.213429E-19    0.000000E+00    0.227386E-19    0.711404E-20    0.000000E+00    0.140479E-18    0.000000E+00    0.000000E+00    0.000000E+00    0.000000E+00    0.213429E-19    0.000000E+00    0.261944E-18    0.000000E+00    0.000000E+00    0.000000E+00    0.000000E+00    0.000000E+00    0.000000E+00    0.726945E-17
 2780    0.135200E-08    0.245613E-19   -0.717699E-21    0.000000E+00    0.228207E-19    0.000000E+00    0.000000E+00   -0.717699E-21    0.190788E-18    0.000000E+00    0.763757E-20    0.000000E+00    0.000000E+00    0.000000E+00    0.000000E+00    0.214494E-19    0.000000E+00    0.210205E-19    0.000000E+00    0.228207E-19    0.763757E-20    0.000000E+00    0.145441E-18    0.000000E+00    0.000000E+00    0.000000E+00    0.000000E+00    0.210205E-19    0.000000E+00    0.258715E-18    0.000000E+00    0.000000E+00    0.000000E+00    0.000000E+00    0.000000E+00    0.000000E+00    0.722014E-17
 2800    0.133650E-08    0.247429E-19   -0.750549E-21    0.000000E+00    0.229086E-19    0.000000E+00    0.000000E+00   -0.750549E-21    0.182910E-18    0.000000E+00    0.764050E-20    0.000000E+00    0.000000E+00    0.000000E+00    0.000000E+00    0.211175E-19    0.000000E+00    0.207016E-19    0.000000E+00    0.229086E-19    0.764050E-20    0.000000E+00    0.145850E-18    0.000000E+00    0.000000E+00    0.000000E+00    0.000000E+00    0.207016E-19    0.000000E+00    0.255403E-18    0.000000E+00    0.000000E+00    0.000000E+00    0.000000E+00    0.000000E+00    0.000000E+00    0.717309E-17
 2820    0.132130E-08    0.248827E-19   -0.837213E-21    0.000000E+00    0.229091E-19    0.000000E+00    0.000000E+00   -0.837213E-21    0.175648E-18    0.000000E+00    0.734608E-20    0.000000E+00    0.000000E+00    0.000000E+00    0.000000E+00    0.207918E-19    0.000000E+00    0.203881E-19    0.000000E+00    0.229091E-19    0.734608E-20    0.000000E+00    0.145705E-18    0.000000E+00    0.000000E+00    0.000000E+00    0.000000E+00    0.203881E-19    0.000000E+00    0.252033E-18    0.000000E+00    0.000000E+00    0.000000E+00    0.000000E+00    0.000000E+00    0.000000E+00    0.712835E-17
 2840    0.130640E-08    0.249046E-19   -0.951441E-21    0.000000E+00    0.227500E-19    0.000000E+00    0.000000E+00   -0.951441E-21    0.168888E-18    0.000000E+00    0.702875E-20    0.000000E+00    0.000000E+00    0.000000E+00    0.000000E+00    0.204737E-19    0.000000E+00    0.200809E-19    0.000000E+00    0.227500E-19    0.702875E-20    0.000000E+00    0.148691E-18    0.000000E+00    0.000000E+00    0.000000E+00    0.000000E+00    0.200809E-19    0.000000E+00    0.248645E-18    0.000000E+00    0.000000E+00    0.000000E+00    0.000000E+00    0.000000E+00    0.000000E+00    0.708599E-17
 2860    0.129170E-08    0.247329E-19   -0.106170E-20    0.000000E+00    0.223880E-19    0.000000E+00    0.000000E+00   -0.106170E-20    0.162488E-18    0.000000E+00    0.671769E-20    0.000000E+00    0.000000E+00    0.000000E+00    0.000000E+00    0.201643E-19    0.000000E+00    0.197822E-19    0.000000E+00    0.223880E-19    0.671769E-20    0.000000E+00    0.153630E-18    0.000000E+00    0.000000E+00    0.000000E+00    0.000000E+00    0.197822E-19    0.000000E+00    0.245290E-18    0.000000E+00    0.000000E+00    0.000000E+00    0.000000E+00    0.000000E+00    0.000000E+00    0.704601E-17
 2880    0.127740E-08    0.243185E-19   -0.113823E-20    0.000000E+00    0.218325E-19    0.000000E+00    0.000000E+00   -0.113823E-20    0.156315E-18    0.000000E+00    0.639662E-20    0.000000E+00    0.000000E+00    0.000000E+00    0.000000E+00    0.198646E-19    0.000000E+00    0.194912E-19    0.000000E+00    0.218325E-19    0.639662E-20    0.000000E+00    0.157841E-18    0.000000E+00    0.000000E+00    0.000000E+00    0.000000E+00    0.194912E-19    0.000000E+00    0.242002E-18    0.000000E+00    0.000000E+00    0.000000E+00    0.000000E+00    0.000000E+00    0.000000E+00    0.700853E-17
 2900    0.126320E-08    0.236499E-19   -0.116055E-20    0.000000E+00    0.211220E-19    0.000000E+00    0.000000E+00   -0.116055E-20    0.150271E-18    0.000000E+00    0.608853E-20    0.000000E+00    0.000000E+00    0.000000E+00    0.000000E+00    0.195751E-19    0.000000E+00    0.192093E-19    0.000000E+00    0.211220E-19    0.608853E-20    0.000000E+00    0.158903E-18    0.000000E+00    0.000000E+00    0.000000E+00    0.000000E+00    0.192093E-19    0.000000E+00    0.238794E-18    0.000000E+00    0.000000E+00    0.000000E+00    0.000000E+00    0.000000E+00    0.000000E+00    0.697367E-17
 2920    0.124940E-08    0.227522E-19   -0.112208E-20    0.000000E+00    0.203023E-19    0.000000E+00    0.000000E+00   -0.112208E-20    0.144307E-18    0.000000E+00    0.584733E-20    0.000000E+00    0.000000E+00    0.000000E+00    0.000000E+00    0.192958E-19    0.000000E+00    0.189364E-19    0.000000E+00    0.203023E-19    0.584733E-20    0.000000E+00    0.155739E-18    0.000000E+00    0.000000E+00    0.000000E+00    0.000000E+00    0.189364E-19    0.000000E+00    0.235668E-18    0.000000E+00    0.000000E+00    0.000000E+00    0.000000E+00    0.000000E+00    0.000000E+00    0.694142E-17
 2940    0.123570E-08    0.216823E-19   -0.103058E-20    0.000000E+00    0.194075E-19    0.000000E+00    0.000000E+00   -0.103058E-20    0.138430E-18    0.000000E+00    0.571808E-20    0.000000E+00    0.000000E+00    0.000000E+00    0.000000E+00    0.190266E-19    0.000000E+00    0.186729E-19    0.000000E+00    0.194075E-19    0.571808E-20    0.000000E+00    0.149008E-18    0.000000E+00    0.000000E+00    0.000000E+00    0.000000E+00    0.186729E-19    0.000000E+00    0.232627E-18    0.000000E+00    0.000000E+00    0.000000E+00    0.000000E+00    0.000000E+00    0.000000E+00    0.691184E-17
 2960    0.122230E-08    0.205072E-19   -0.902810E-21    0.000000E+00    0.184604E-19    0.000000E+00    0.000000E+00   -0.902810E-21    0.132683E-18    0.000000E+00    0.570908E-20    0.000000E+00    0.000000E+00    0.000000E+00    0.000000E+00    0.187674E-19    0.000000E+00    0.184177E-19    0.000000E+00    0.184604E-19    0.570908E-20    0.000000E+00    0.140375E-18    0.000000E+00    0.000000E+00    0.000000E+00    0.000000E+00    0.184177E-19    0.000000E+00    0.229677E-18    0.000000E+00    0.000000E+00    0.000000E+00    0.000000E+00    0.000000E+00    0.000000E+00    0.688511E-17
 2980    0.120920E-08    0.192961E-19   -0.758880E-21    0.000000E+00    0.174851E-19    0.000000E+00    0.000000E+00   -0.758880E-21    0.127138E-18    0.000000E+00    0.579202E-20    0.000000E+00    0.000000E+00    0.000000E+00    0.000000E+00    0.185179E-19    0.000000E+00    0.181704E-19    0.000000E+00    0.174851E-19    0.579202E-20    0.000000E+00    0.131412E-18    0.000000E+00    0.000000E+00    0.000000E+00    0.000000E+00    0.181704E-19    0.000000E+00    0.226825E-18    0.000000E+00    0.000000E+00    0.000000E+00    0.000000E+00    0.000000E+00    0.000000E+00    0.686141E-17
 3000    0.119630E-08    0.181029E-19   -0.616797E-21    0.000000E+00    0.165110E-19    0.000000E+00    0.000000E+00   -0.616797E-21    0.121875E-18    0.000000E+00    0.590395E-20    0.000000E+00    0.000000E+00    0.000000E+00    0.000000E+00    0.182780E-19    0.000000E+00    0.179315E-19    0.000000E+00    0.165110E-19    0.590395E-20    0.000000E+00    0.122683E-18    0.000000E+00    0.000000E+00    0.000000E+00    0.000000E+00    0.179315E-19    0.000000E+00    0.224069E-18    0.000000E+00    0.000000E+00    0.000000E+00    0.000000E+00    0.000000E+00    0.000000E+00    0.684095E-17
