   20    0.133127E-12    0.132370E-13    0.138317E-16    0.226546E-13    0.190495E-14    0.357905E-13    0.132370E-13    0.245521E-13    0.673048E-15    0.185571E-13   -0.425577E-14    0.741180E-12    0.138317E-16    0.673048E-15    0.116392E-12    0.455680E-15    0.114106E-12    0.565379E-14    0.226546E-13    0.185571E-13    0.455680E-15    0.145209E-13   -0.180271E-14    0.103980E-12    0.190495E-14   -0.425577E-14    0.114106E-12   -0.180271E-14    0.116094E-12    0.396450E-14    0.357905E-13    0.741180E-12    0.565379E-14    0.103980E-12    0.396450E-14    0.173829E-12
   40    0.835194E-14    0.771938E-15    0.390219E-17    0.142204E-14    0.113401E-15    0.229541E-14    0.771938E-15    0.159275E-14    0.507052E-16    0.118634E-14   -0.236331E-15    0.478076E-13    0.390219E-17    0.507052E-16    0.725217E-14    0.334817E-16    0.708539E-14    0.372446E-15    0.142204E-14    0.118634E-14    0.334817E-16    0.949803E-15   -0.972584E-16    0.683250E-14    0.113401E-15   -0.236331E-15    0.708539E-14   -0.972584E-16    0.728587E-14    0.277927E-15    0.229541E-14    0.478076E-13    0.372446E-15    0.683250E-14    0.277927E-15    0.107781E-13
   60    0.165538E-14    0.133693E-15    0.169955E-17    0.281987E-15    0.207258E-16    0.463878E-15    0.133693E-15    0.331551E-15    0.128568E-16    0.241686E-15   -0.368284E-16    0.987742E-14    0.169955E-17    0.128568E-16    0.142747E-14    0.815684E-17    0.138824E-14    0.801578E-16    0.281987E-15    0.241686E-15    0.815684E-17    0.200759E-15   -0.137708E-16    0.144691E-14    0.207258E-16   -0.368284E-16    0.138824E-14   -0.137708E-16    0.144896E-14    0.635582E-16    0.463878E-15    0.987742E-14    0.801578E-16    0.144691E-14    0.635582E-16    0.210898E-14
   80    0.527046E-15    0.343299E-16    0.901179E-18    0.899831E-16    0.595344E-17    0.149900E-15    0.343299E-16    0.111639E-15    0.529930E-17    0.795660E-16   -0.738299E-17    0.331503E-14    0.901179E-18    0.529930E-17    0.449877E-15    0.320782E-17    0.436056E-15    0.281970E-16    0.899831E-16    0.795660E-16    0.320782E-17    0.698327E-16   -0.193589E-17    0.499864E-15    0.595344E-17   -0.738299E-17    0.436056E-15   -0.193589E-17    0.462904E-15    0.237894E-16    0.149900E-15    0.331503E-14    0.281970E-16    0.499864E-15    0.237894E-16    0.661410E-15
  100    0.217965E-15    0.101861E-16    0.524802E-18    0.374438E-16    0.218498E-17    0.629115E-16    0.101861E-16    0.488983E-16    0.279741E-17    0.341918E-16   -0.819491E-18    0.145919E-14    0.524802E-18    0.279741E-17    0.183345E-15    0.161908E-17    0.177540E-15    0.131841E-16    0.374438E-16    0.341918E-16    0.161908E-17    0.323727E-16    0.511493E-18    0.228597E-15    0.218498E-17   -0.819491E-18    0.177540E-15    0.511493E-18    0.191522E-15    0.118491E-16    0.629115E-16    0.145919E-14    0.131841E-16    0.228597E-15    0.118491E-16    0.269965E-15
  120    0.106581E-15    0.289009E-17    0.319788E-18    0.185507E-16    0.931113E-18    0.316742E-16    0.289009E-17    0.252975E-16    0.170251E-17    0.174851E-16    0.879731E-18    0.768788E-15    0.319788E-18    0.170251E-17    0.878287E-16    0.944144E-18    0.850895E-16    0.739532E-17    0.185507E-16    0.174851E-16    0.944144E-18    0.182974E-16    0.102689E-17    0.126085E-15    0.931113E-18    0.879731E-18    0.850895E-16    0.102689E-17    0.929008E-16    0.702530E-17    0.316742E-16    0.768788E-15    0.739532E-17    0.126085E-15    0.702530E-17    0.130398E-15
  140    0.586011E-16    0.488796E-18    0.197854E-18    0.104251E-16    0.442897E-18    0.184848E-16    0.488796E-18    0.147221E-16    0.113088E-17    0.101268E-16    0.126277E-17    0.459369E-15    0.197854E-18    0.113088E-17    0.470035E-16    0.605688E-18    0.455685E-16    0.460896E-17    0.104251E-16    0.101268E-16    0.605688E-18    0.120383E-16    0.107484E-17    0.799415E-16    0.442897E-18    0.126277E-17    0.455685E-16    0.107484E-17    0.501042E-16    0.458024E-17    0.184848E-16    0.459369E-15    0.460896E-17    0.799415E-16    0.458024E-17    0.708702E-16
  160    0.352005E-16   -0.251912E-18    0.121501E-18    0.648992E-17    0.230388E-18    0.122881E-16   -0.251912E-18    0.942987E-17    0.793070E-18    0.645742E-17    0.124033E-17    0.301447E-15    0.121501E-18    0.793070E-18    0.272689E-16    0.414172E-18    0.264410E-16    0.311703E-17    0.648992E-17    0.645742E-17    0.414172E-18    0.896910E-17    0.993560E-18    0.569657E-16    0.230388E-18    0.124033E-17    0.264410E-16    0.993560E-18    0.291549E-16    0.321174E-17    0.122881E-16    0.301447E-15    0.311703E-17    0.569657E-16    0.321174E-17    0.419958E-16
  180    0.226399E-16   -0.378703E-18    0.727300E-19    0.440745E-17    0.132594E-18    0.907541E-17   -0.378703E-18    0.661052E-17    0.575318E-18    0.444942E-17    0.109612E-17    0.212978E-15    0.727300E-19    0.575318E-18    0.168311E-16    0.295898E-18    0.163294E-16    0.223668E-17    0.440745E-17    0.444942E-17    0.295898E-18    0.741620E-17    0.892834E-18    0.449205E-16    0.132594E-18    0.109612E-17    0.163294E-16    0.892834E-18    0.180218E-16    0.234542E-17    0.907541E-17    0.212978E-15    0.223668E-17    0.449205E-16    0.234542E-17    0.266121E-16
  200    0.153718E-16   -0.274409E-18    0.414115E-19    0.324659E-17    0.857687E-19    0.724233E-17   -0.274409E-18    0.509182E-17    0.426497E-18    0.327464E-17    0.923514E-18    0.159097E-15    0.414115E-19    0.426497E-18    0.109168E-16    0.217298E-18    0.106135E-16    0.166717E-17    0.324659E-17    0.327464E-17    0.217298E-18    0.669458E-17    0.801699E-18    0.385339E-16    0.857687E-19    0.923514E-18    0.106135E-16    0.801699E-18    0.117275E-16    0.176286E-17    0.724233E-17    0.159097E-15    0.166717E-17    0.385339E-16    0.176286E-17    0.177741E-16
  220    0.109202E-16   -0.941627E-19    0.216946E-19    0.259087E-17    0.630658E-19    0.604139E-17   -0.941627E-19    0.431260E-17    0.319216E-18    0.256556E-17    0.752536E-18    0.123916E-15    0.216946E-19    0.319216E-18    0.737724E-17    0.161218E-18    0.720714E-17    0.128592E-17    0.259087E-17    0.256556E-17    0.161218E-18    0.648501E-17    0.720116E-18    0.353361E-16    0.630658E-19    0.752536E-18    0.720714E-17    0.720116E-18    0.798514E-17    0.134396E-17    0.604139E-17    0.123916E-15    0.128592E-17    0.353361E-16    0.134396E-17    0.123797E-16
  240    0.802956E-17    0.904171E-19    0.967852E-20    0.222147E-17    0.512126E-19    0.513593E-17    0.904171E-19    0.395594E-17    0.239809E-18    0.214657E-17    0.595198E-18    0.993397E-16    0.967852E-20    0.239809E-18    0.516164E-17    0.119088E-18    0.508355E-17    0.100674E-17    0.222147E-17    0.214657E-17    0.119088E-18    0.661657E-17    0.648241E-18    0.337316E-16    0.512126E-19    0.595198E-18    0.508355E-17    0.648241E-18    0.565226E-17    0.102738E-17    0.513593E-17    0.993397E-16    0.100674E-17    0.337316E-16    0.102738E-17    0.891852E-17
  260    0.607784E-17    0.243259E-18    0.288923E-20    0.202470E-17    0.444116E-19    0.436535E-17    0.243259E-18    0.380452E-17    0.180517E-18    0.193163E-17    0.454583E-18    0.809335E-16    0.288923E-20    0.180517E-18    0.372113E-17    0.863586E-19    0.370223E-17    0.807479E-18    0.202470E-17    0.193163E-17    0.863586E-19    0.695097E-17    0.578241E-18    0.327347E-16    0.444116E-19    0.454583E-18    0.370223E-17    0.578241E-18    0.412972E-17    0.806281E-18    0.436535E-17    0.809335E-16    0.807479E-18    0.327347E-16    0.806281E-18    0.660224E-17
  280    0.468975E-17    0.343546E-18   -0.455187E-21    0.190572E-17    0.392645E-19    0.365912E-17    0.343546E-18    0.367389E-17    0.136233E-18    0.184583E-17    0.332672E-18    0.663620E-16   -0.455187E-21    0.136233E-18    0.275252E-17    0.614859E-19    0.276794E-17    0.653050E-18    0.190572E-17    0.184583E-17    0.614859E-19    0.729499E-17    0.502412E-18    0.314725E-16    0.392645E-19    0.332672E-18    0.276794E-17    0.502412E-18    0.309204E-17    0.634121E-18    0.365912E-17    0.663620E-16    0.653050E-18    0.314725E-16    0.634121E-18    0.499816E-17
  300    0.367851E-17    0.384201E-18   -0.158445E-20    0.180170E-17    0.345379E-19    0.299460E-17    0.384201E-18    0.344154E-17    0.104010E-18    0.180836E-17    0.231683E-18    0.542541E-16   -0.158445E-20    0.104010E-18    0.208195E-17    0.443664E-19    0.211201E-17    0.537778E-18    0.180170E-17    0.180836E-17    0.443664E-19    0.738850E-17    0.416309E-18    0.291603E-16    0.345379E-19    0.231683E-18    0.211201E-17    0.416309E-18    0.235599E-17    0.516002E-18    0.299460E-17    0.542541E-16    0.537778E-18    0.291603E-16    0.516002E-18    0.385345E-17
  320    0.291019E-17    0.370199E-18   -0.139515E-20    0.165559E-17    0.298486E-19    0.237935E-17    0.370199E-18    0.305709E-17    0.812933E-19    0.172739E-17    0.154009E-18    0.440271E-16   -0.139515E-20    0.812933E-19    0.160521E-17    0.350801E-19    0.163642E-17    0.446417E-18    0.165559E-17    0.172739E-17    0.350801E-19    0.699405E-17    0.327775E-18    0.255548E-16    0.298486E-19    0.154009E-18    0.163642E-17    0.327775E-18    0.181769E-17    0.427358E-18    0.237935E-17    0.440271E-16    0.446417E-18    0.255548E-16    0.427358E-18    0.301545E-17
  340    0.231952E-17    0.317303E-18   -0.529645E-21    0.145675E-17    0.252573E-19    0.182808E-17    0.317303E-18    0.256064E-17    0.658060E-19    0.155774E-17    0.994360E-19    0.354381E-16   -0.529645E-21    0.658060E-19    0.125819E-17    0.322473E-19    0.128320E-17    0.375873E-18    0.145675E-17    0.155774E-17    0.322473E-19    0.610827E-17    0.246570E-18    0.209815E-16    0.252573E-19    0.994360E-19    0.128320E-17    0.246570E-18    0.141643E-17    0.364240E-18    0.182808E-17    0.354381E-16    0.375873E-18    0.209815E-16    0.364240E-18    0.239241E-17
  360    0.185418E-17    0.244517E-18    0.575455E-21    0.122097E-17    0.210958E-19    0.135301E-17    0.244517E-18    0.202926E-17    0.554069E-19    0.131412E-17    0.650909E-19    0.283715E-16    0.575455E-21    0.554069E-19    0.100020E-17    0.331123E-19    0.101650E-17    0.321187E-18    0.122097E-17    0.131412E-17    0.331123E-19    0.496632E-17    0.184011E-18    0.162573E-16    0.210958E-19    0.650909E-19    0.101650E-17    0.184011E-18    0.111451E-17    0.317129E-18    0.135301E-17    0.283715E-16    0.321187E-18    0.162573E-16    0.317129E-18    0.192044E-17
  380    0.148991E-17    0.169340E-18    0.162254E-20    0.988654E-18    0.176258E-19    0.963241E-18    0.169340E-18    0.154113E-17    0.483168E-19    0.105167E-17    0.460797E-19    0.227069E-16    0.162254E-20    0.483168E-19    0.804899E-18    0.347952E-19    0.814360E-18    0.277131E-18    0.988654E-18    0.105167E-17    0.347952E-19    0.386224E-17    0.142385E-18    0.120837E-16    0.176258E-19    0.460797E-19    0.814360E-18    0.142385E-18    0.888358E-18    0.279482E-18    0.963241E-18    0.227069E-16    0.277131E-18    0.120837E-16    0.279482E-18    0.155859E-17
  400    0.120055E-17    0.103164E-18    0.243244E-20    0.783368E-18    0.149092E-19    0.662153E-18    0.103164E-18    0.113560E-17    0.431591E-19    0.814566E-18    0.370397E-19    0.182492E-16    0.243244E-20    0.431591E-19    0.654674E-18    0.355302E-19    0.660515E-18    0.242151E-18    0.783368E-18    0.814566E-18    0.355302E-19    0.295975E-17    0.118103E-18    0.882534E-17    0.149092E-19    0.370397E-19    0.660515E-18    0.118103E-18    0.719101E-18    0.248381E-18    0.662153E-18    0.182492E-16    0.242151E-18    0.882534E-17    0.248381E-18    0.127756E-17
  420    0.972479E-18    0.515275E-19    0.292756E-20    0.617059E-18    0.128746E-19    0.443278E-18    0.515275E-19    0.824374E-18    0.391291E-19    0.623044E-18    0.337509E-19    0.147889E-16    0.292756E-20    0.391291E-19    0.537574E-18    0.348037E-19    0.542246E-18    0.213874E-18    0.617059E-18    0.623044E-18    0.348037E-19    0.229048E-17    0.104920E-18    0.648211E-17    0.128746E-19    0.337509E-19    0.542246E-18    0.104920E-18    0.590853E-18    0.222020E-18    0.443278E-18    0.147889E-16    0.213874E-18    0.648211E-17    0.222020E-18    0.105810E-17
  440    0.792303E-18    0.155067E-19    0.309883E-20    0.488046E-18    0.113900E-19    0.298000E-18    0.155067E-19    0.597996E-18    0.356976E-19    0.476872E-18    0.332618E-19    0.121272E-16    0.309883E-20    0.356976E-19    0.445243E-18    0.327919E-19    0.449701E-18    0.190780E-18    0.488046E-18    0.476872E-18    0.327919E-19    0.181916E-17    0.988308E-19    0.490145E-17    0.113900E-19    0.332618E-19    0.449701E-18    0.988308E-19    0.491435E-18    0.199625E-18    0.298000E-18    0.121272E-16    0.190780E-18    0.490145E-17    0.199625E-18    0.884322E-18
  460    0.651606E-18   -0.636820E-20    0.299475E-20    0.390752E-18    0.103393E-19    0.211609E-18   -0.636820E-20    0.441011E-18    0.325752E-19    0.368403E-18    0.337963E-19    0.100777E-16    0.299475E-20    0.325752E-19    0.371735E-18    0.299111E-19    0.375903E-18    0.171024E-18    0.390752E-18    0.368403E-18    0.299111E-19    0.149519E-17    0.962073E-19    0.388414E-17    0.103393E-19    0.337963E-19    0.375903E-18    0.962073E-19    0.412354E-18    0.179621E-18    0.211609E-18    0.100777E-16    0.171024E-18    0.388414E-17    0.179621E-18    0.745835E-18
  480    0.542017E-18   -0.166929E-19    0.268059E-20    0.318288E-18    0.956752E-20    0.169872E-18   -0.166929E-19    0.336952E-18    0.296420E-19    0.288351E-18    0.342439E-19    0.848984E-17    0.268059E-20    0.296420E-19    0.312706E-18    0.265455E-19    0.316333E-18    0.154216E-18    0.318288E-18    0.288351E-18    0.265455E-19    0.127447E-17    0.951318E-19    0.326597E-17    0.956752E-20    0.342439E-19    0.316333E-18    0.951318E-19    0.348485E-18    0.162504E-18    0.169872E-18    0.848984E-17    0.154216E-18    0.326597E-17    0.162504E-18    0.634132E-18
  500    0.455463E-18   -0.184344E-19    0.223452E-20    0.263969E-18    0.894817E-20    0.158041E-18   -0.184344E-19    0.271601E-18    0.268040E-19    0.229452E-18    0.340447E-19    0.724671E-17    0.223452E-20    0.268040E-19    0.264957E-18    0.229609E-19    0.267830E-18    0.139076E-18    0.263969E-18    0.229452E-18    0.229609E-19    0.112132E-17    0.945299E-19    0.291660E-17    0.894817E-20    0.340447E-19    0.267830E-18    0.945299E-19    0.296417E-18    0.147421E-18    0.158041E-18    0.724671E-17    0.139076E-18    0.291660E-17    0.147421E-18    0.543044E-18
  520    0.387575E-18   -0.143096E-19    0.173318E-20    0.223955E-18    0.842222E-20    0.163751E-18   -0.143096E-19    0.234346E-18    0.241014E-19    0.186988E-18    0.330696E-19    0.625988E-17    0.173318E-20    0.241014E-19    0.226047E-18    0.193466E-19    0.228210E-18    0.125547E-18    0.223955E-18    0.186988E-18    0.193466E-19    0.101362E-17    0.936447E-19    0.274434E-17    0.842222E-20    0.330696E-19    0.228210E-18    0.936447E-19    0.253765E-18    0.134129E-18    0.163751E-18    0.625988E-17    0.125547E-18    0.274434E-17    0.134129E-18    0.467882E-18
  540    0.333936E-18   -0.677169E-20    0.124117E-20    0.194784E-18    0.791169E-20    0.176277E-18   -0.677169E-20    0.216305E-18    0.215563E-19    0.157805E-18    0.312887E-19    0.546010E-17    0.124117E-20    0.215563E-19    0.194127E-18    0.158244E-19    0.195674E-18    0.113148E-18    0.194784E-18    0.157805E-18    0.158244E-19    0.933691E-18    0.919309E-19    0.267375E-17    0.791169E-20    0.312887E-19    0.195674E-18    0.919309E-19    0.218424E-18    0.122455E-18    0.176277E-18    0.546010E-17    0.113148E-18    0.267375E-17    0.122455E-18    0.405009E-18
  560    0.290969E-18    0.209067E-20    0.806376E-21    0.173776E-18    0.737233E-20    0.188309E-18    0.209067E-20    0.210126E-18    0.192110E-19    0.139665E-18    0.288564E-19    0.479637E-17    0.806376E-21    0.192110E-19    0.167771E-18    0.125525E-19    0.168830E-18    0.101781E-18    0.173776E-18    0.139665E-18    0.125525E-19    0.868602E-18    0.889054E-19    0.264211E-17    0.737233E-20    0.288564E-19    0.168830E-18    0.889054E-19    0.188798E-18    0.111757E-18    0.188309E-18    0.479637E-17    0.101781E-18    0.264211E-17    0.111757E-18    0.351922E-18
  580    0.255514E-18    0.105402E-19    0.458663E-21    0.158294E-18    0.677249E-20    0.194678E-18    0.105402E-19    0.209413E-18    0.171105E-19    0.130114E-18    0.259615E-19    0.423275E-17    0.458663E-21    0.171105E-19    0.145858E-18    0.970497E-20    0.146533E-18    0.913299E-19    0.158294E-18    0.130114E-18    0.970497E-20    0.809136E-18    0.843036E-19    0.260469E-17    0.677249E-20    0.259615E-19    0.146533E-18    0.843036E-19    0.163714E-18    0.101995E-18    0.194678E-18    0.423275E-17    0.913299E-19    0.260469E-17    0.101995E-18    0.306618E-18
  600    0.225665E-18    0.172977E-19    0.216564E-21    0.146465E-18    0.613540E-20    0.192830E-18    0.172977E-19    0.208940E-18    0.152872E-19    0.126265E-18    0.228487E-19    0.374275E-17    0.216564E-21    0.152872E-19    0.127511E-18    0.746446E-20    0.127885E-18    0.818696E-19    0.146465E-18    0.126265E-18    0.746446E-20    0.749439E-18    0.782655E-19    0.252400E-17    0.613540E-20    0.228487E-19    0.127885E-18    0.782655E-19    0.142402E-18    0.927197E-19    0.192830E-18    0.374275E-17    0.818696E-19    0.252400E-17    0.927197E-19    0.267663E-18
  620    0.200081E-18    0.215785E-19    0.813051E-22    0.136821E-18    0.549436E-20    0.182594E-18    0.215785E-19    0.204859E-18    0.137795E-19    0.124833E-18    0.197746E-19    0.330934E-17    0.813051E-22    0.137795E-19    0.112039E-18    0.597667E-20    0.112209E-18    0.733406E-19    0.136821E-18    0.124833E-18    0.597667E-20    0.687183E-18    0.712176E-19    0.238085E-17    0.549436E-20    0.197746E-19    0.112209E-18    0.712176E-19    0.124375E-18    0.838492E-19    0.182594E-18    0.330934E-17    0.733406E-19    0.238085E-17    0.838492E-19    0.233995E-18
  640    0.177174E-18    0.230408E-19    0.416444E-22    0.127422E-18    0.488368E-20    0.165020E-18    0.230408E-19    0.194591E-18    0.125736E-19    0.122346E-18    0.169569E-19    0.292069E-17    0.416444E-22    0.125736E-19    0.988963E-19    0.526771E-20    0.989850E-19    0.657530E-19    0.127422E-18    0.122346E-18    0.526771E-20    0.621483E-18    0.638634E-19    0.217369E-17    0.488368E-20    0.169569E-19    0.989850E-19    0.638634E-19    0.109276E-18    0.753370E-19    0.165020E-18    0.292069E-17    0.657530E-19    0.217369E-17    0.753370E-19    0.204731E-18
  660    0.156762E-18    0.219249E-19    0.799517E-22    0.117902E-18    0.436526E-20    0.142439E-18    0.219249E-19    0.178267E-18    0.116556E-19    0.117050E-18    0.145630E-19    0.257171E-17    0.799517E-22    0.116556E-19    0.876517E-19    0.523967E-20    0.877996E-19    0.590648E-19    0.117902E-18    0.117050E-18    0.523967E-20    0.554908E-18    0.569986E-19    0.191647E-17    0.436526E-20    0.145630E-19    0.877996E-19    0.569986E-19    0.967695E-19    0.671513E-19    0.142439E-18    0.257171E-17    0.590648E-19    0.191647E-17    0.671513E-19    0.179302E-18
  680    0.138117E-18    0.187940E-19    0.168595E-21    0.107501E-18    0.394121E-20    0.117522E-18    0.187940E-19    0.157072E-18    0.109742E-19    0.108344E-18    0.126708E-19    0.225972E-17    0.168595E-21    0.109742E-19    0.779651E-19    0.568081E-20    0.783089E-19    0.532353E-19    0.107501E-18    0.108344E-18    0.568081E-20    0.489934E-18    0.510883E-19    0.163197E-17    0.394121E-20    0.126708E-19    0.783089E-19    0.510883E-19    0.864445E-19    0.594864E-19    0.117522E-18    0.225972E-17    0.532353E-19    0.163197E-17    0.594864E-19    0.157193E-18
  700    0.121261E-18    0.144510E-19    0.280705E-21    0.965462E-19    0.362780E-20    0.929573E-19    0.144510E-19    0.133358E-18    0.104767E-19    0.971460E-19    0.112870E-19    0.198261E-17    0.280705E-21    0.104767E-19    0.695761E-19    0.631453E-20    0.701784E-19    0.481825E-19    0.965462E-19    0.971460E-19    0.631453E-20    0.429390E-18    0.465331E-19    0.135003E-17    0.362780E-20    0.112870E-19    0.701784E-19    0.465331E-19    0.777844E-19    0.525064E-19    0.929573E-19    0.198261E-17    0.481825E-19    0.135003E-17    0.525064E-19    0.137987E-18
  720    0.106053E-18    0.971648E-20    0.390427E-21    0.853739E-19    0.341020E-20    0.708880E-19    0.971648E-20    0.109596E-18    0.100999E-19    0.847836E-19    0.103668E-19    0.173937E-17    0.390427E-21    0.100999E-19    0.622781E-19    0.690512E-20    0.631103E-19    0.437910E-19    0.853739E-19    0.847836E-19    0.690512E-20    0.375132E-18    0.431932E-19    0.109332E-17    0.341020E-20    0.103668E-19    0.631103E-19    0.431932E-19    0.702630E-19    0.463937E-19    0.708880E-19    0.173937E-17    0.437910E-19    0.109332E-17    0.463937E-19    0.121333E-18
  740    0.925146E-19    0.527954E-20    0.478183E-21    0.745514E-19    0.327010E-20    0.527811E-19    0.527954E-20    0.878065E-19    0.979558E-20    0.724880E-19    0.983876E-20    0.152820E-17    0.478183E-21    0.979558E-20    0.559022E-19    0.728886E-20    0.568974E-19    0.399475E-19    0.745514E-19    0.724880E-19    0.728886E-20    0.328143E-18    0.409144E-19    0.879072E-18    0.327010E-20    0.983876E-20    0.568974E-19    0.409144E-19    0.635245E-19    0.412669E-19    0.527811E-19    0.152820E-17    0.399475E-19    0.879072E-18    0.412669E-19    0.106853E-18
  760    0.807626E-19    0.164733E-20    0.531295E-21    0.646102E-19    0.318868E-20    0.393317E-19    0.164733E-20    0.693757E-19    0.951572E-20    0.610719E-19    0.958992E-20    0.134592E-17    0.531295E-21    0.951572E-20    0.503163E-19    0.740256E-20    0.513768E-19    0.365485E-19    0.646102E-19    0.610719E-19    0.740256E-20    0.288505E-18    0.394219E-19    0.712414E-18    0.318868E-20    0.958992E-20    0.513768E-19    0.394219E-19    0.574046E-19    0.371260E-19    0.393317E-19    0.134592E-17    0.365485E-19    0.712414E-18    0.371260E-19    0.942641E-19
  780    0.706818E-19   -0.934346E-21    0.546126E-21    0.556935E-19    0.314307E-20    0.305008E-19   -0.934346E-21    0.549305E-19    0.923237E-20    0.508335E-19    0.951511E-20    0.119001E-17    0.546126E-21    0.923237E-20    0.454095E-19    0.724747E-20    0.464471E-19    0.334852E-19    0.556935E-19    0.508335E-19    0.724747E-20    0.255570E-18    0.384266E-19    0.592032E-18    0.314307E-20    0.951511E-20    0.464471E-19    0.384266E-19    0.518863E-19    0.338000E-19    0.305008E-19    0.119001E-17    0.334852E-19    0.592032E-18    0.338000E-19    0.833012E-19
  800    0.620650E-19   -0.240058E-20    0.525315E-21    0.478758E-19    0.311377E-20    0.256627E-19   -0.240058E-20    0.444818E-19    0.891540E-20    0.418762E-19    0.950046E-20    0.105656E-17    0.525315E-21    0.891540E-20    0.410918E-19    0.686730E-20    0.420503E-19    0.306838E-19    0.478758E-19    0.418762E-19    0.686730E-20    0.228103E-18    0.377964E-19    0.510791E-18    0.311377E-20    0.950046E-20    0.420503E-19    0.377964E-19    0.470100E-19    0.310572E-19    0.256627E-19    0.105656E-17    0.306838E-19    0.510791E-18    0.310572E-19    0.736974E-19
  820    0.549345E-19   -0.282423E-20    0.476841E-21    0.412980E-19    0.308923E-20    0.239598E-19   -0.282423E-20    0.378248E-19    0.856432E-20    0.343605E-19    0.946332E-20    0.942077E-18    0.476841E-21    0.856432E-20    0.372806E-19    0.631404E-20    0.381268E-19    0.280818E-19    0.412980E-19    0.343605E-19    0.631404E-20    0.205163E-18    0.372971E-19    0.459856E-18    0.308923E-20    0.946332E-20    0.381268E-19    0.372971E-19    0.427509E-19    0.286986E-19    0.239598E-19    0.942077E-18    0.280818E-19    0.459856E-18    0.286986E-19    0.652691E-19
  840    0.490904E-19   -0.239849E-20    0.411281E-21    0.358837E-19    0.305745E-20    0.243056E-19   -0.239849E-20    0.344104E-19    0.818014E-20    0.283861E-19    0.934433E-20    0.843633E-18    0.411281E-21    0.818014E-20    0.339104E-19    0.565094E-20    0.346310E-19    0.256393E-19    0.358837E-19    0.283861E-19    0.565094E-20    0.185474E-18    0.368191E-19    0.429577E-18    0.305745E-20    0.934433E-20    0.346310E-19    0.368191E-19    0.390182E-19    0.265374E-19    0.243056E-19    0.843633E-18    0.256393E-19    0.429577E-18    0.265374E-19    0.578038E-19
  860    0.443736E-19   -0.137440E-20    0.340042E-21    0.315610E-19    0.301519E-20    0.256776E-19   -0.137440E-20    0.335204E-19    0.777500E-20    0.240359E-19    0.911972E-20    0.757758E-18    0.340042E-21    0.777500E-20    0.309258E-19    0.493823E-20    0.315216E-19    0.233410E-19    0.315610E-19    0.240359E-19    0.493823E-20    0.168130E-18    0.362183E-19    0.411321E-18    0.301519E-20    0.911972E-20    0.315216E-19    0.362183E-19    0.356942E-19    0.244844E-19    0.256776E-19    0.757758E-18    0.233410E-19    0.411321E-18    0.244844E-19    0.511828E-19
  880    0.403059E-19   -0.390141E-22    0.271272E-21    0.279664E-19    0.293277E-20    0.271815E-19   -0.390141E-22    0.341548E-19    0.734809E-20    0.212100E-19    0.876306E-20    0.681901E-18    0.271272E-21    0.734809E-20    0.282737E-19    0.424118E-20    0.287475E-19    0.211859E-19    0.279664E-19    0.212100E-19    0.424118E-20    0.151984E-18    0.353383E-19    0.398038E-18    0.293277E-20    0.876306E-20    0.287475E-19    0.353383E-19    0.326723E-19    0.225208E-19    0.271815E-19    0.681901E-18    0.211859E-19    0.398038E-18    0.225208E-19    0.452617E-19
  900    0.368935E-19    0.134406E-20    0.213760E-21    0.251231E-19    0.282030E-20    0.281831E-19    0.134406E-20    0.355466E-19    0.692998E-20    0.197834E-19    0.830006E-20    0.614117E-18    0.213760E-21    0.692998E-20    0.259135E-19    0.361990E-20    0.262695E-19    0.191817E-19    0.251231E-19    0.197834E-19    0.361990E-20    0.136947E-18    0.341498E-19    0.383974E-18    0.282030E-20    0.830006E-20    0.262695E-19    0.341498E-19    0.298827E-19    0.206872E-19    0.281831E-19    0.614117E-18    0.191817E-19    0.383974E-18    0.206872E-19    0.399620E-19
  920    0.339614E-19    0.253888E-20    0.172281E-21    0.229190E-19    0.267986E-20    0.282761E-19    0.253888E-20    0.368470E-19    0.653983E-20    0.193631E-19    0.776507E-20    0.552748E-18    0.172281E-21    0.653983E-20    0.238055E-19    0.312833E-20    0.240500E-19    0.173239E-19    0.229190E-19    0.193631E-19    0.312833E-20    0.122986E-18    0.326929E-19    0.366294E-18    0.267986E-20    0.776507E-20    0.240500E-19    0.326929E-19    0.273161E-19    0.189501E-19    0.282761E-19    0.552748E-18    0.173239E-19    0.366294E-18    0.189501E-19    0.351860E-19
  940    0.313495E-19    0.337236E-20    0.148838E-21    0.212428E-19    0.251977E-20    0.272868E-19    0.337236E-20    0.373524E-19    0.619029E-20    0.194674E-19    0.720024E-20    0.496835E-18    0.148838E-21    0.619029E-20    0.219164E-19    0.279868E-20    0.220535E-19    0.156295E-19    0.212428E-19    0.194674E-19    0.279868E-20    0.110271E-18    0.310947E-19    0.343327E-18    0.251977E-20    0.720024E-20    0.220535E-19    0.310947E-19    0.249649E-19    0.173486E-19    0.272868E-19    0.496835E-18    0.156295E-19    0.343327E-18    0.173486E-19    0.308943E-19
  960    0.289655E-19    0.374807E-20    0.142770E-21    0.199868E-19    0.235461E-20    0.253025E-19    0.374807E-20    0.366494E-19    0.589428E-20    0.196662E-19    0.664706E-20    0.445414E-18    0.142770E-21    0.589428E-20    0.202167E-19    0.263813E-20    0.202608E-19    0.140996E-19    0.199868E-19    0.196662E-19    0.263813E-20    0.992519E-19    0.295225E-19    0.315565E-18    0.235461E-20    0.664706E-20    0.202608E-19    0.295225E-19    0.228456E-19    0.158467E-19    0.253025E-19    0.445414E-18    0.140996E-19    0.315565E-18    0.158467E-19    0.270386E-19
  980    0.266752E-19    0.365483E-20    0.151059E-21    0.189485E-19    0.220066E-20    0.225585E-19    0.365483E-20    0.345731E-19    0.565081E-20    0.196050E-19    0.614178E-20    0.398229E-18    0.151059E-21    0.565081E-20    0.186820E-19    0.262853E-20    0.186549E-19    0.127361E-19    0.189485E-19    0.196050E-19    0.262853E-20    0.901413E-19    0.281345E-19    0.283920E-18    0.220066E-20    0.614178E-20    0.186549E-19    0.281345E-19    0.209513E-19    0.144197E-19    0.225585E-19    0.398229E-18    0.127361E-19    0.283920E-18    0.144197E-19    0.235707E-19
 1000    0.244446E-19    0.315700E-20    0.168754E-21    0.179608E-19    0.206723E-20    0.193731E-19    0.315700E-20    0.312787E-19    0.545830E-20    0.191122E-19    0.570883E-20    0.355060E-18    0.168754E-21    0.545830E-20    0.172911E-19    0.272998E-20    0.172175E-19    0.115184E-19    0.179608E-19    0.191122E-19    0.272998E-20    0.827907E-19    0.269740E-19    0.249627E-18    0.206723E-20    0.570883E-20    0.172175E-19    0.269740E-19    0.192644E-19    0.130473E-19    0.193731E-19    0.355060E-18    0.115184E-19    0.249627E-18    0.130473E-19    0.204682E-19
 1020    0.222939E-19    0.238254E-20    0.190237E-21    0.169879E-19    0.196077E-20    0.161222E-19    0.238254E-20    0.271760E-19    0.531162E-20    0.182113E-19    0.536319E-20    0.315891E-18    0.190237E-21    0.531162E-20    0.160266E-19    0.288711E-20    0.159331E-19    0.104499E-19    0.169879E-19    0.182113E-19    0.288711E-20    0.769872E-19    0.260646E-19    0.215451E-18    0.196077E-20    0.536319E-20    0.159331E-19    0.260646E-19    0.177542E-19    0.117534E-19    0.161222E-19    0.315891E-18    0.104499E-19    0.215451E-18    0.117534E-19    0.176915E-19
 1040    0.202428E-19    0.148026E-20    0.209908E-21    0.159423E-19    0.188104E-20    0.131246E-19    0.148026E-20    0.227286E-19    0.520054E-20    0.169456E-19    0.511339E-20    0.280633E-18    0.209908E-21    0.520054E-20    0.148745E-19    0.304179E-20    0.147834E-19    0.949769E-20    0.159423E-19    0.169456E-19    0.304179E-20    0.722210E-19    0.253757E-19    0.183255E-18    0.188104E-20    0.511339E-20    0.147834E-19    0.253757E-19    0.163946E-19    0.105462E-19    0.131246E-19    0.280633E-18    0.949769E-20    0.183255E-18    0.105462E-19    0.152223E-19
 1060    0.183499E-19    0.594768E-21    0.223373E-21    0.148024E-19    0.182610E-20    0.106214E-19    0.594768E-21    0.184139E-19    0.511269E-20    0.154013E-19    0.495594E-20    0.249098E-18    0.223373E-21    0.511269E-20    0.138217E-19    0.314522E-20    0.137438E-19    0.865487E-20    0.148024E-19    0.154013E-19    0.314522E-20    0.680097E-19    0.247956E-19    0.155205E-18    0.182610E-20    0.495594E-20    0.137438E-19    0.247956E-19    0.151610E-19    0.947371E-20    0.106214E-19    0.249098E-18    0.865487E-20    0.155205E-18    0.947371E-20    0.130366E-19
 1080    0.165893E-19   -0.154110E-21    0.227218E-21    0.135494E-19    0.178763E-20    0.875678E-20   -0.154110E-21    0.145761E-19    0.503122E-20    0.136316E-19    0.487680E-20    0.221088E-18    0.227218E-21    0.503122E-20    0.128590E-19    0.316848E-20    0.128002E-19    0.789419E-20    0.135494E-19    0.136316E-19    0.316848E-20    0.638849E-19    0.242845E-19    0.132774E-18    0.178763E-20    0.487680E-20    0.128002E-19    0.242845E-19    0.140508E-19    0.854357E-20    0.875678E-20    0.221088E-18    0.789419E-20    0.132774E-18    0.854357E-20    0.111103E-19
 1100    0.150211E-19   -0.687285E-21    0.220687E-21    0.122440E-19    0.175883E-20    0.754146E-20   -0.687285E-21    0.114940E-19    0.494667E-20    0.117319E-19    0.485542E-20    0.196350E-18    0.220687E-21    0.494667E-20    0.119772E-19    0.310043E-20    0.119354E-19    0.720661E-20    0.122440E-19    0.117319E-19    0.310043E-20    0.595977E-19    0.237387E-19    0.115994E-18    0.175883E-20    0.485542E-20    0.119354E-19    0.237387E-19    0.130615E-19    0.776109E-20    0.754146E-20    0.196350E-18    0.720661E-20    0.115994E-18    0.776109E-20    0.941808E-20
 1120    0.136848E-19   -0.964363E-21    0.204937E-21    0.109792E-19    0.173925E-20    0.691889E-20   -0.964363E-21    0.932083E-20    0.485441E-20    0.982636E-20    0.486654E-20    0.174596E-18    0.204937E-21    0.485441E-20    0.111697E-19    0.294647E-20    0.111376E-19    0.657193E-20    0.109792E-19    0.982636E-20    0.294647E-20    0.551700E-19    0.231662E-19    0.104558E-18    0.173925E-20    0.486654E-20    0.111376E-19    0.231662E-19    0.121820E-19    0.710255E-20    0.691889E-20    0.174596E-18    0.657193E-20    0.104558E-18    0.710255E-20    0.793178E-20
 1140    0.125112E-19   -0.987839E-21    0.181516E-21    0.977668E-20    0.170956E-20    0.674113E-20   -0.987839E-21    0.802921E-20    0.473760E-20    0.803318E-20    0.487336E-20    0.155274E-18    0.181516E-21    0.473760E-20    0.104285E-19    0.272563E-20    0.103987E-19    0.598886E-20    0.977668E-20    0.803318E-20    0.272563E-20    0.505399E-19    0.225133E-19    0.972726E-19    0.170956E-20    0.487336E-20    0.103987E-19    0.225133E-19    0.113937E-19    0.654136E-20    0.674113E-20    0.155274E-18    0.598886E-20    0.972726E-19    0.654136E-20    0.662757E-20
 1160    0.115180E-19   -0.792729E-21    0.153928E-21    0.870319E-20    0.166904E-20    0.685154E-20   -0.792729E-21    0.756177E-20    0.459865E-20    0.650828E-20    0.485589E-20    0.138123E-18    0.153928E-21    0.459865E-20    0.974800E-20    0.246042E-20    0.971255E-20    0.544452E-20    0.870319E-20    0.650828E-20    0.246042E-20    0.458323E-19    0.217661E-19    0.928539E-19    0.166904E-20    0.485589E-20    0.971255E-20    0.217661E-19    0.106704E-19    0.604103E-20    0.685154E-20    0.138123E-18    0.544452E-20    0.928539E-19    0.604103E-20    0.548300E-20
 1180    0.107026E-19   -0.435566E-21    0.126267E-21    0.781700E-20    0.162027E-20    0.707706E-20   -0.435566E-21    0.778199E-20    0.444205E-20    0.538434E-20    0.479995E-20    0.122825E-18    0.126267E-21    0.444205E-20    0.912322E-20    0.217799E-20    0.907683E-20    0.493768E-20    0.781700E-20    0.538434E-20    0.217799E-20    0.412170E-19    0.209096E-19    0.897705E-19    0.162027E-20    0.479995E-20    0.907683E-20    0.209096E-19    0.999311E-20    0.558556E-20    0.707706E-20    0.122825E-18    0.493768E-20    0.897705E-19    0.558556E-20    0.447498E-20
 1200    0.100034E-19    0.636630E-23    0.101095E-21    0.707293E-20    0.155375E-20    0.727277E-20    0.636630E-23    0.841760E-20    0.427133E-20    0.468766E-20    0.469438E-20    0.108980E-18    0.101095E-21    0.427133E-20    0.854887E-20    0.190585E-20    0.848908E-20    0.446526E-20    0.707293E-20    0.468766E-20    0.190585E-20    0.367517E-19    0.199348E-19    0.870371E-19    0.155375E-20    0.469438E-20    0.848908E-20    0.199348E-19    0.935078E-20    0.515494E-20    0.727277E-20    0.108980E-18    0.446526E-20    0.870371E-19    0.515494E-20    0.358122E-20
 1220    0.939331E-20    0.455955E-21    0.812722E-22    0.649038E-20    0.147429E-20    0.732625E-20    0.455955E-21    0.921909E-20    0.409407E-20    0.439783E-20    0.454010E-20    0.963889E-19    0.812722E-22    0.409407E-20    0.801995E-20    0.166865E-20    0.794516E-20    0.402799E-20    0.649038E-20    0.439783E-20    0.166865E-20    0.325277E-19    0.188932E-19    0.836968E-19    0.147429E-20    0.454010E-20    0.794516E-20    0.188932E-19    0.874152E-20    0.474483E-20    0.732625E-20    0.963889E-19    0.402799E-20    0.836968E-19    0.474483E-20    0.277952E-20
 1240    0.884526E-20    0.843219E-21    0.682871E-22    0.606190E-20    0.138417E-20    0.717568E-20    0.843219E-21    0.992993E-20    0.392087E-20    0.440790E-20    0.434675E-20    0.848846E-19    0.682871E-22    0.392087E-20    0.753255E-20    0.148686E-20    0.744474E-20    0.362191E-20    0.606190E-20    0.440790E-20    0.148686E-20    0.286977E-19    0.178637E-19    0.793938E-19    0.138417E-20    0.434675E-20    0.744474E-20    0.178637E-19    0.817398E-20    0.434348E-20    0.717568E-20    0.848846E-19    0.362191E-20    0.793938E-19    0.434348E-20    0.205639E-20
 1260    0.832571E-20    0.111230E-20    0.628721E-22    0.576910E-20    0.129277E-20    0.681039E-20    0.111230E-20    0.103286E-19    0.375972E-20    0.458230E-20    0.412671E-20    0.742460E-19    0.628721E-22    0.375972E-20    0.708255E-20    0.137169E-20    0.698418E-20    0.325352E-20    0.576910E-20    0.458230E-20    0.137169E-20    0.253867E-19    0.169228E-19    0.741081E-19    0.129277E-20    0.412671E-20    0.698418E-20    0.169228E-19    0.765185E-20    0.395457E-20    0.681039E-20    0.742460E-19    0.325352E-20    0.741081E-19    0.395457E-20    0.139963E-20
 1280    0.781532E-20    0.123397E-20    0.643583E-22    0.559166E-20    0.120537E-20    0.624734E-20    0.123397E-20    0.102837E-19    0.361912E-20    0.479803E-20    0.389616E-20    0.644547E-19    0.643583E-22    0.361912E-20    0.666614E-20    0.132363E-20    0.656072E-20    0.291255E-20    0.559166E-20    0.479803E-20    0.132363E-20    0.227210E-19    0.161520E-19    0.677280E-19    0.120537E-20    0.389616E-20    0.656072E-20    0.161520E-19    0.717820E-20    0.356585E-20    0.624734E-20    0.644547E-19    0.291255E-20    0.677280E-19    0.356585E-20    0.800998E-21
 1300    0.729424E-20    0.120319E-20    0.709811E-22    0.547564E-20    0.112585E-20    0.555711E-20    0.120319E-20    0.976653E-20    0.350098E-20    0.496971E-20    0.366831E-20    0.554146E-19    0.709811E-22    0.350098E-20    0.628035E-20    0.133216E-20    0.617290E-20    0.260247E-20    0.547564E-20    0.496971E-20    0.133216E-20    0.207864E-19    0.155595E-19    0.606176E-19    0.112585E-20    0.366831E-20    0.617290E-20    0.155595E-19    0.674631E-20    0.318579E-20    0.555711E-20    0.554146E-19    0.260247E-20    0.606176E-19    0.318579E-20    0.255557E-21
 1320    0.674463E-20    0.103829E-20    0.806231E-22    0.534327E-20    0.105843E-20    0.480497E-20    0.103829E-20    0.881632E-20    0.340585E-20    0.503024E-20    0.345933E-20    0.470827E-19    0.806231E-22    0.340585E-20    0.592247E-20    0.137997E-20    0.581776E-20    0.231874E-20    0.534327E-20    0.503024E-20    0.137997E-20    0.194981E-19    0.151294E-19    0.529579E-19    0.105843E-20    0.345933E-20    0.581776E-20    0.151294E-19    0.634793E-20    0.281786E-20    0.480497E-20    0.470827E-19    0.231874E-20    0.529579E-19    0.281786E-20   -0.237160E-21
 1340    0.619141E-20    0.779477E-21    0.906772E-22    0.517944E-20    0.100414E-20    0.407832E-20    0.779477E-21    0.756875E-20    0.333513E-20    0.496617E-20    0.328596E-20    0.394688E-19    0.906772E-22    0.333513E-20    0.559011E-20    0.144270E-20    0.549388E-20    0.205936E-20    0.517944E-20    0.496617E-20    0.144270E-20    0.187036E-19    0.148007E-19    0.453193E-19    0.100414E-20    0.328596E-20    0.549388E-20    0.148007E-19    0.597471E-20    0.247244E-20    0.407832E-20    0.394688E-19    0.205936E-20    0.453193E-19    0.247244E-20   -0.677510E-21
 1360    0.565806E-20    0.474261E-21    0.994585E-22    0.495490E-20    0.971901E-21    0.344503E-20    0.474261E-21    0.620237E-20    0.328750E-20    0.477264E-20    0.316001E-20    0.325293E-19    0.994585E-22    0.328750E-20    0.528239E-20    0.149629E-20    0.519770E-20    0.182341E-20    0.495490E-20    0.477264E-20    0.149629E-20    0.182029E-19    0.145417E-19    0.382936E-19    0.971901E-21    0.316001E-20    0.519770E-20    0.145417E-19    0.562244E-20    0.216033E-20    0.344503E-20    0.325293E-19    0.182341E-20    0.382936E-19    0.216033E-20   -0.106026E-20
 1380    0.513302E-20    0.169159E-21    0.104342E-21    0.463082E-20    0.946579E-21    0.294068E-20    0.169159E-21    0.483365E-20    0.325248E-20    0.442306E-20    0.308270E-20    0.262531E-19    0.104342E-21    0.325248E-20    0.499690E-20    0.152278E-20    0.492556E-20    0.160715E-20    0.463082E-20    0.442306E-20    0.152278E-20    0.176827E-19    0.142359E-19    0.322708E-19    0.946579E-21    0.308270E-20    0.492556E-20    0.142359E-19    0.529116E-20    0.188710E-20    0.294068E-20    0.262531E-19    0.160715E-20    0.322708E-19    0.188710E-20   -0.138750E-20
 1400    0.463575E-20   -0.930171E-22    0.104498E-21    0.424117E-20    0.926556E-21    0.258569E-20   -0.930171E-22    0.361877E-20    0.321946E-20    0.393926E-20    0.304688E-20    0.205038E-19    0.104498E-21    0.321946E-20    0.473190E-20    0.151270E-20    0.467285E-20    0.141228E-20    0.424117E-20    0.393926E-20    0.151270E-20    0.169800E-19    0.138590E-19    0.276048E-19    0.926556E-21    0.304688E-20    0.467285E-20    0.138590E-19    0.498294E-20    0.165595E-20    0.258569E-20    0.205038E-19    0.141228E-20    0.276048E-19    0.165595E-20   -0.165687E-20
 1420    0.419057E-20   -0.283423E-21    0.100525E-21    0.381389E-20    0.917014E-21    0.237962E-20   -0.283423E-21    0.267774E-20    0.318728E-20    0.335199E-20    0.304769E-20    0.153496E-19    0.100525E-21    0.318728E-20    0.448661E-20    0.146595E-20    0.443613E-20    0.123333E-20    0.381389E-20    0.335199E-20    0.146595E-20    0.160474E-19    0.134115E-19    0.243780E-19    0.917014E-21    0.304769E-20    0.443613E-20    0.134115E-19    0.470148E-20    0.146264E-20    0.237962E-20    0.153496E-19    0.123333E-20    0.243780E-19    0.146264E-20   -0.187196E-20
 1440    0.379969E-20   -0.385955E-21    0.926888E-22    0.338814E-20    0.905373E-21    0.228537E-20   -0.385955E-21    0.207209E-20    0.314447E-20    0.271491E-20    0.306574E-20    0.106675E-19    0.926888E-22    0.314447E-20    0.425878E-20    0.138960E-20    0.421342E-20    0.107309E-20    0.338814E-20    0.271491E-20    0.138960E-20    0.148974E-19    0.128906E-19    0.222563E-19    0.905373E-21    0.306574E-20    0.421342E-20    0.128906E-19    0.444113E-20    0.129978E-20    0.228537E-20    0.106675E-19    0.107309E-20    0.222563E-19    0.129978E-20   -0.203510E-20
 1460    0.346937E-20   -0.397579E-21    0.827945E-22    0.298960E-20    0.895658E-21    0.227911E-20   -0.397579E-21    0.182795E-20    0.308796E-20    0.209693E-20    0.308554E-20    0.643889E-20    0.827945E-22    0.308796E-20    0.404763E-20    0.129360E-20    0.400366E-20    0.928286E-21    0.298960E-20    0.209693E-20    0.129360E-20    0.136158E-19    0.123250E-19    0.210674E-19    0.895658E-21    0.308554E-20    0.400366E-20    0.123250E-19    0.419736E-20    0.116330E-20    0.227911E-20    0.643889E-20    0.928286E-21    0.210674E-19    0.116330E-20   -0.215456E-20
 1480    0.320256E-20   -0.329544E-21    0.724957E-22    0.263650E-20    0.885626E-21    0.230869E-20   -0.329544E-21    0.191672E-20    0.301840E-20    0.156660E-20    0.309575E-20    0.264835E-20    0.724957E-22    0.301840E-20    0.385226E-20    0.118783E-20    0.380780E-20    0.800744E-21    0.263650E-20    0.156660E-20    0.118783E-20    0.122833E-19    0.117054E-19    0.202847E-19    0.885626E-21    0.309575E-20    0.380780E-20    0.117054E-19    0.396471E-20    0.104753E-20    0.230869E-20    0.264835E-20    0.800744E-21    0.202847E-19    0.104753E-20   -0.223788E-20
 1500    0.298305E-20   -0.201690E-21    0.630005E-22    0.232546E-20    0.868048E-21    0.233566E-20   -0.201690E-21    0.226947E-20    0.292853E-20    0.117758E-20    0.307832E-20   -0.803284E-21    0.630005E-22    0.292853E-20    0.366921E-20    0.108149E-20    0.362313E-20    0.686160E-21    0.232546E-20    0.117758E-20    0.108149E-20    0.109528E-19    0.110275E-19    0.195978E-19    0.868048E-21    0.307832E-20    0.362313E-20    0.110275E-19    0.373780E-20    0.949304E-21    0.233566E-20   -0.803284E-21    0.686160E-21    0.195978E-19    0.949304E-21   -0.229496E-20
 1520    0.280981E-20   -0.413353E-22    0.555929E-22    0.205767E-20    0.843710E-21    0.233202E-20   -0.413353E-22    0.276919E-20    0.282498E-20    0.952678E-21    0.303123E-20   -0.388421E-20    0.555929E-22    0.282498E-20    0.349829E-20    0.982790E-21    0.345161E-20    0.583603E-21    0.205767E-20    0.952678E-21    0.982790E-21    0.966820E-20    0.103078E-19    0.187484E-19    0.843710E-21    0.303123E-20    0.345161E-20    0.103078E-19    0.352137E-20    0.866266E-21    0.233202E-20   -0.388421E-20    0.583603E-21    0.187484E-19    0.866266E-21   -0.233443E-20
 1540    0.267354E-20    0.121817E-21    0.511229E-22    0.183824E-20    0.814211E-21    0.227632E-20    0.121817E-21    0.328996E-20    0.271613E-20    0.880997E-21    0.295625E-20   -0.665020E-20    0.511229E-22    0.271613E-20    0.333841E-20    0.899893E-21    0.329268E-20    0.491761E-21    0.183824E-20    0.880997E-21    0.899893E-21    0.844390E-20    0.960587E-20    0.175935E-19    0.814211E-21    0.295625E-20    0.329268E-20    0.960587E-20    0.331975E-20    0.796969E-21    0.227632E-20   -0.665020E-20    0.491761E-21    0.175935E-19    0.796969E-21   -0.236437E-20
 1560    0.255660E-20    0.259897E-21    0.498506E-22    0.166486E-20    0.780955E-21    0.216409E-20    0.259897E-21    0.370720E-20    0.260227E-20    0.917725E-21    0.285205E-20   -0.915777E-20    0.498506E-22    0.260227E-20    0.318767E-20    0.839532E-21    0.314438E-20    0.410701E-21    0.166486E-20    0.917725E-21    0.839532E-21    0.730457E-20    0.898128E-20    0.161649E-19    0.780955E-21    0.285205E-20    0.314438E-20    0.898128E-20    0.313814E-20    0.741950E-21    0.216409E-20   -0.915777E-20    0.410701E-21    0.161649E-19    0.741950E-21   -0.239094E-20
 1580    0.244563E-20    0.351816E-21    0.509977E-22    0.154930E-20    0.739961E-21    0.199852E-20    0.351816E-21    0.391957E-20    0.248970E-20    0.101500E-20    0.272442E-20   -0.114537E-19    0.509977E-22    0.248970E-20    0.304515E-20    0.803426E-21    0.300413E-20    0.333449E-21    0.154930E-20    0.101500E-20    0.803426E-21    0.631214E-20    0.849597E-20    0.145123E-19    0.739961E-21    0.272442E-20    0.300413E-20    0.849597E-20    0.297493E-20    0.691512E-21    0.199852E-20   -0.114537E-19    0.333449E-21    0.145123E-19    0.691512E-21   -0.241709E-20
 1600    0.234256E-20    0.387035E-21    0.544092E-22    0.150557E-20    0.702817E-21    0.180233E-20    0.387035E-21    0.389763E-20    0.239137E-20    0.114422E-20    0.258847E-20   -0.135270E-19    0.544092E-22    0.239137E-20    0.291073E-20    0.788728E-21    0.287107E-20    0.261460E-21    0.150557E-20    0.114422E-20    0.788728E-21    0.555957E-20    0.819023E-20    0.127940E-19    0.702817E-21    0.258847E-20    0.287107E-20    0.819023E-20    0.282913E-20    0.642578E-21    0.180233E-20   -0.135270E-19    0.261460E-21    0.127940E-19    0.642578E-21   -0.244150E-20
 1620    0.223212E-20    0.362698E-21    0.585421E-22    0.150341E-20    0.665347E-21    0.159309E-20    0.362698E-21    0.361964E-20    0.230644E-20    0.127197E-20    0.244920E-20   -0.154407E-19    0.585421E-22    0.230644E-20    0.278411E-20    0.789009E-21    0.274568E-20    0.194200E-21    0.150341E-20    0.127197E-20    0.789009E-21    0.508897E-20    0.805970E-20    0.110608E-19    0.665347E-21    0.244920E-20    0.274568E-20    0.805970E-20    0.269468E-20    0.593904E-21    0.159309E-20   -0.154407E-19    0.194200E-21    0.110608E-19    0.593904E-21   -0.246431E-20
 1640    0.210979E-20    0.287702E-21    0.623611E-22    0.152282E-20    0.630300E-21    0.139520E-20    0.287702E-21    0.313434E-20    0.223567E-20    0.138768E-20    0.231587E-20   -0.172452E-19    0.623611E-22    0.223567E-20    0.266473E-20    0.794642E-21    0.262485E-20    0.130177E-21    0.152282E-20    0.138768E-20    0.794642E-21    0.490418E-20    0.806325E-20    0.941438E-20    0.630300E-21    0.231587E-20    0.262485E-20    0.806325E-20    0.256562E-20    0.542347E-21    0.139520E-20   -0.172452E-19    0.130177E-21    0.941438E-20    0.542347E-21   -0.248029E-20
 1660    0.199020E-20    0.177710E-21    0.650786E-22    0.155847E-20    0.604308E-21    0.123422E-20    0.177710E-21    0.252956E-20    0.219055E-20    0.148345E-20    0.220883E-20   -0.189169E-19    0.650786E-22    0.219055E-20    0.255414E-20    0.795210E-21    0.251231E-20    0.703553E-22    0.155847E-20    0.148345E-20    0.795210E-21    0.495883E-20    0.814570E-20    0.801177E-20    0.604308E-21    0.220883E-20    0.251231E-20    0.814570E-20    0.244163E-20    0.485564E-21    0.123422E-20   -0.189169E-19    0.703553E-22    0.801177E-20    0.485564E-21   -0.248323E-20
 1680    0.185555E-20    0.523292E-22    0.652275E-22    0.156191E-20    0.578358E-21    0.111763E-20    0.523292E-22    0.186090E-20    0.215234E-20    0.152713E-20    0.212030E-20   -0.205664E-19    0.652275E-22    0.215234E-20    0.245080E-20    0.783116E-21    0.240531E-20    0.138027E-22    0.156191E-20    0.152713E-20    0.783116E-21    0.512848E-20    0.823755E-20    0.692261E-20    0.578358E-21    0.212030E-20    0.240531E-20    0.823755E-20    0.232172E-20    0.427421E-21    0.111763E-20   -0.205664E-19    0.138027E-22    0.692261E-20    0.427421E-21   -0.247122E-20
 1700    0.172619E-20   -0.700903E-22    0.629332E-22    0.152807E-20    0.559560E-21    0.105801E-20   -0.700903E-22    0.122561E-20    0.213019E-20    0.149893E-20    0.206691E-20   -0.220761E-19    0.629332E-22    0.213019E-20    0.235507E-20    0.753722E-21    0.230502E-20   -0.344823E-22    0.152807E-20    0.149893E-20    0.753722E-21    0.529114E-20    0.825603E-20    0.626666E-20    0.559560E-21    0.206691E-20    0.230502E-20    0.825603E-20    0.220916E-20    0.371530E-21    0.105801E-20   -0.220761E-19   -0.344823E-22    0.626666E-20    0.371530E-21   -0.243851E-20
 1720    0.160587E-20   -0.170271E-21    0.581155E-22    0.146223E-20    0.544084E-21    0.104344E-20   -0.170271E-21    0.690259E-21    0.211640E-20    0.138879E-20    0.204678E-20   -0.235436E-19    0.581155E-22    0.211640E-20    0.226782E-20    0.706876E-21    0.221223E-20   -0.772285E-22    0.146223E-20    0.138879E-20    0.706876E-21    0.531992E-20    0.815290E-20    0.595936E-20    0.544084E-21    0.204678E-20    0.221223E-20    0.815290E-20    0.210449E-20    0.316194E-21    0.104344E-20   -0.235436E-19   -0.772285E-22    0.595936E-20    0.316194E-21   -0.238457E-20
 1740    0.148409E-20   -0.235099E-21    0.508731E-22    0.135657E-20    0.524236E-21    0.105995E-20   -0.235099E-21    0.312969E-21    0.209385E-20    0.119642E-20    0.204450E-20   -0.249947E-19    0.508731E-22    0.209385E-20    0.218689E-20    0.647813E-21    0.212528E-20   -0.111166E-21    0.135657E-20    0.119642E-20    0.647813E-21    0.514769E-20    0.789860E-20    0.592291E-20    0.524236E-21    0.204450E-20    0.212528E-20    0.789860E-20    0.200546E-20    0.265985E-21    0.105995E-20   -0.249947E-19   -0.111166E-21    0.592291E-20    0.265985E-21   -0.231191E-20
 1760    0.138620E-20   -0.258147E-21    0.425339E-22    0.124886E-20    0.506111E-21    0.109705E-20   -0.258147E-21    0.129568E-21    0.207005E-20    0.959573E-21    0.206285E-20   -0.262580E-19    0.425339E-22    0.207005E-20    0.211293E-20    0.582842E-21    0.204551E-20   -0.136626E-21    0.124886E-20    0.959573E-21    0.582842E-21    0.480232E-20    0.750185E-20    0.605998E-20    0.506111E-21    0.206285E-20    0.204551E-20    0.750185E-20    0.190845E-20    0.222080E-21    0.109705E-20   -0.262580E-19   -0.136626E-21    0.605998E-20    0.222080E-21   -0.221971E-20
 1780    0.130409E-20   -0.238671E-21    0.340061E-22    0.113641E-20    0.486205E-21    0.113562E-20   -0.238671E-21    0.144984E-21    0.203719E-20    0.710823E-21    0.208893E-20   -0.273803E-19    0.340061E-22    0.203719E-20    0.204454E-20    0.518889E-21    0.197238E-20   -0.152505E-21    0.113641E-20    0.710823E-21    0.518889E-21    0.432295E-20    0.697835E-20    0.622813E-20    0.486205E-21    0.208893E-20    0.197238E-20    0.697835E-20    0.181178E-20    0.188709E-21    0.113562E-20   -0.273803E-19   -0.152505E-21    0.622813E-20    0.188709E-21   -0.211543E-20
 1800    0.123272E-20   -0.181379E-21    0.260905E-22    0.102643E-20    0.460511E-21    0.115584E-20   -0.181379E-21    0.336133E-21    0.197832E-20    0.492392E-21    0.209998E-20   -0.283451E-19    0.260905E-22    0.197832E-20    0.198005E-20    0.460339E-21    0.190524E-20   -0.161239E-21    0.102643E-20    0.492392E-21    0.460339E-21    0.378541E-20    0.636187E-20    0.628449E-20    0.460511E-21    0.209998E-20    0.190524E-20    0.636187E-20    0.171442E-20    0.166222E-21    0.115584E-20   -0.283451E-19   -0.161239E-21    0.628449E-20    0.166222E-21   -0.200367E-20
 1820    0.118437E-20   -0.983589E-22    0.201819E-22    0.937018E-21    0.437220E-21    0.115089E-20   -0.983589E-22    0.638488E-21    0.191718E-20    0.338859E-21    0.210490E-20   -0.290474E-19    0.201819E-22    0.191718E-20    0.191989E-20    0.410598E-21    0.184542E-20   -0.163267E-21    0.937018E-21    0.338859E-21    0.410598E-21    0.324692E-20    0.567638E-20    0.615633E-20    0.437220E-21    0.210490E-20    0.184542E-20    0.567638E-20    0.162210E-20    0.153750E-21    0.115089E-20   -0.290474E-19   -0.163267E-21    0.615633E-20    0.153750E-21   -0.189132E-20
 1840    0.114226E-20   -0.325513E-23    0.159467E-22    0.852513E-21    0.403280E-21    0.111108E-20   -0.325513E-23    0.966895E-21    0.183290E-20    0.251844E-21    0.207966E-20   -0.295566E-19    0.159467E-22    0.183290E-20    0.186126E-20    0.371509E-21    0.178980E-20   -0.157897E-21    0.852513E-21    0.251844E-21    0.371509E-21    0.274292E-20    0.495644E-20    0.580176E-20    0.403280E-21    0.207966E-20    0.178980E-20    0.495644E-20    0.153819E-20    0.154013E-21    0.111108E-20   -0.295566E-19   -0.157897E-21    0.580176E-20    0.154013E-21   -0.178245E-20
 1860    0.110918E-20    0.877442E-22    0.141570E-22    0.785072E-21    0.368738E-21    0.103960E-20    0.877442E-22    0.124230E-20    0.174183E-20    0.224906E-21    0.203060E-20   -0.298396E-19    0.141570E-22    0.174183E-20    0.180453E-20    0.343258E-21    0.173879E-20   -0.150971E-21    0.785072E-21    0.224906E-21    0.343258E-21    0.228853E-20    0.428707E-20    0.525458E-20    0.368738E-21    0.203060E-20    0.173879E-20    0.428707E-20    0.147010E-20    0.162968E-21    0.103960E-20   -0.298396E-19   -0.150971E-21    0.525458E-20    0.162968E-21   -0.168157E-20
 1880    0.107644E-20    0.161837E-21    0.143567E-22    0.742031E-21    0.330514E-21    0.941977E-21    0.161837E-21    0.139980E-20    0.164357E-20    0.236070E-21    0.195236E-20   -0.299782E-19    0.143567E-22    0.164357E-20    0.174844E-20    0.325479E-21    0.169027E-20   -0.142540E-21    0.742031E-21    0.236070E-21    0.325479E-21    0.189624E-20    0.370505E-20    0.457004E-20    0.330514E-21    0.195236E-20    0.169027E-20    0.370505E-20    0.142076E-20    0.179018E-21    0.941977E-21   -0.299782E-19   -0.142540E-21    0.457004E-20    0.179018E-21   -0.158980E-20
 1900    0.104165E-20    0.208907E-21    0.160627E-22    0.725891E-21    0.291016E-21    0.831395E-21    0.208907E-21    0.140325E-20    0.154785E-20    0.267073E-21    0.185279E-20   -0.300127E-19    0.160627E-22    0.154785E-20    0.169293E-20    0.315793E-21    0.164272E-20   -0.134512E-21    0.725891E-21    0.267073E-21    0.315793E-21    0.160025E-20    0.325381E-20    0.384460E-20    0.291016E-21    0.185279E-20    0.164272E-20    0.325381E-20    0.138723E-20    0.198133E-21    0.831395E-21   -0.300127E-19   -0.134512E-21    0.384460E-20    0.198133E-21   -0.150748E-20
 1920    0.100294E-20    0.225120E-21    0.188965E-22    0.734598E-21    0.256768E-21    0.721724E-21    0.225120E-21    0.126234E-20    0.146484E-20    0.310869E-21    0.174310E-20   -0.299809E-19    0.188965E-22    0.146484E-20    0.163929E-20    0.309513E-21    0.159620E-20   -0.127010E-21    0.734598E-21    0.310869E-21    0.309513E-21    0.142444E-20    0.293599E-20    0.312606E-20    0.256768E-21    0.174310E-20    0.159620E-20    0.293599E-20    0.136390E-20    0.217069E-21    0.721724E-21   -0.299809E-19   -0.127010E-21    0.312606E-20    0.217069E-21   -0.143141E-20
 1940    0.953454E-21    0.210956E-21    0.215812E-22    0.749901E-21    0.223312E-21    0.627781E-21    0.210956E-21    0.987896E-21    0.138994E-20    0.359440E-21    0.162441E-20   -0.300060E-19    0.215812E-22    0.138994E-20    0.158669E-20    0.302066E-21    0.154912E-20   -0.120799E-21    0.749901E-21    0.359440E-21    0.302066E-21    0.137552E-20    0.273566E-20    0.250518E-20    0.223312E-21    0.162441E-20    0.154912E-20    0.273566E-20    0.134074E-20    0.236621E-21    0.627781E-21   -0.300060E-19   -0.120799E-21    0.250518E-20    0.236621E-21   -0.135930E-20
 1960    0.898285E-21    0.172558E-21    0.235386E-22    0.768007E-21    0.194302E-21    0.560450E-21    0.172558E-21    0.641121E-21    0.133509E-20    0.411945E-21    0.151258E-20   -0.300891E-19    0.235386E-22    0.133509E-20    0.153687E-20    0.288432E-21    0.150240E-20   -0.116635E-21    0.768007E-21    0.411945E-21    0.288432E-21    0.143394E-20    0.264853E-20    0.205143E-20    0.194302E-21    0.151258E-20    0.150240E-20    0.264853E-20    0.130913E-20    0.247482E-21    0.560450E-21   -0.300891E-19   -0.116635E-21    0.205143E-20    0.247482E-21   -0.128565E-20
 1980    0.833081E-21    0.116749E-21    0.242933E-22    0.763290E-21    0.172192E-21    0.527094E-21    0.116749E-21    0.263384E-21    0.129069E-20    0.455173E-21    0.141113E-20   -0.303008E-19    0.242933E-22    0.129069E-20    0.148943E-20    0.266892E-21    0.145511E-20   -0.112898E-21    0.763290E-21    0.455173E-21    0.266892E-21    0.155743E-20    0.263883E-20    0.183583E-20    0.172192E-21    0.141113E-20    0.145511E-20    0.263883E-20    0.126598E-20    0.254361E-21    0.527094E-21   -0.303008E-19   -0.112898E-21    0.183583E-20    0.254361E-21   -0.120682E-20
 2000    0.763989E-21    0.532163E-22    0.234954E-22    0.735819E-21    0.156837E-21    0.528178E-21    0.532163E-22   -0.856340E-22    0.126014E-20    0.476273E-21    0.132978E-20   -0.306192E-19    0.234954E-22    0.126014E-20    0.144546E-20    0.237588E-21    0.140901E-20   -0.106785E-21    0.735819E-21    0.476273E-21    0.237588E-21    0.167987E-20    0.266971E-20    0.186544E-20    0.156837E-21    0.132978E-20    0.140901E-20    0.266971E-20    0.121388E-20    0.257375E-21    0.528178E-21   -0.306192E-19   -0.106785E-21    0.186544E-20    0.257375E-21   -0.111972E-20
 2020    0.695541E-21   -0.871727E-23    0.210541E-22    0.691514E-21    0.144872E-21    0.557010E-21   -0.871727E-23   -0.356911E-21    0.124170E-20    0.463663E-21    0.127367E-20   -0.310242E-19    0.210541E-22    0.124170E-20    0.140587E-20    0.203703E-21    0.136431E-20   -0.100791E-21    0.691514E-21    0.463663E-21    0.203703E-21    0.175106E-20    0.268906E-20    0.209722E-20    0.144872E-21    0.127367E-20    0.136431E-20    0.268906E-20    0.115739E-20    0.252836E-21    0.557010E-21   -0.310242E-19   -0.100791E-21    0.209722E-20    0.252836E-21   -0.102146E-20
 2040    0.628830E-21   -0.615261E-22    0.174652E-22    0.631817E-21    0.138026E-21    0.603467E-21   -0.615261E-22   -0.508241E-21    0.122743E-20    0.412624E-21    0.124304E-20   -0.314847E-19    0.174652E-22    0.122743E-20    0.136919E-20    0.169271E-21    0.132092E-20   -0.907529E-22    0.631817E-21    0.412624E-21    0.169271E-21    0.175212E-20    0.268218E-20    0.243890E-20    0.138026E-21    0.124304E-20    0.132092E-20    0.268218E-20    0.110258E-20    0.246821E-21    0.603467E-21   -0.314847E-19   -0.907529E-22    0.243890E-20    0.246821E-21   -0.913013E-21
 2060    0.572607E-21   -0.990727E-22    0.133949E-22    0.577023E-21    0.136999E-21    0.656687E-21   -0.990727E-22   -0.506252E-21    0.122010E-20    0.334517E-21    0.124437E-20   -0.318682E-19    0.133949E-22    0.122010E-20    0.133701E-20    0.138128E-21    0.128148E-20   -0.757984E-22    0.577023E-21    0.334517E-21    0.138128E-21    0.168173E-20    0.263049E-20    0.281160E-20    0.136999E-21    0.124437E-20    0.128148E-20    0.263049E-20    0.105419E-20    0.242588E-21    0.656687E-21   -0.318682E-19   -0.757984E-22    0.281160E-20    0.242588E-21   -0.794086E-21
 2080    0.521958E-21   -0.117463E-21    0.918025E-23    0.522118E-21    0.134176E-21    0.701082E-21   -0.117463E-21   -0.348598E-21    0.120125E-20    0.237502E-21    0.126134E-20   -0.321361E-19    0.918025E-23    0.120125E-20    0.130679E-20    0.113704E-21    0.124475E-20   -0.575117E-22    0.522118E-21    0.237502E-21    0.113704E-21    0.156213E-20    0.252795E-20    0.312526E-20    0.134176E-21    0.126134E-20    0.124475E-20    0.252795E-20    0.100993E-20    0.240644E-21    0.701082E-21   -0.321361E-19   -0.575117E-22    0.312526E-20    0.240644E-21   -0.670207E-21
 2100    0.484202E-21   -0.116845E-21    0.573395E-23    0.479138E-21    0.133582E-21    0.729265E-21   -0.116845E-21   -0.660628E-22    0.118105E-20    0.140847E-21    0.129788E-20   -0.321307E-19    0.573395E-23    0.118105E-20    0.127925E-20    0.979424E-22    0.121196E-20   -0.336783E-22    0.479138E-21    0.140847E-21    0.979424E-22    0.141676E-20    0.237074E-20    0.333110E-20    0.133582E-21    0.129788E-20    0.121196E-20    0.237074E-20    0.967911E-21    0.244187E-21    0.729265E-21   -0.321307E-19   -0.336783E-22    0.333110E-20    0.244187E-21   -0.543351E-21
 2120    0.453978E-21   -0.987487E-22    0.346164E-23    0.439167E-21    0.131323E-21    0.731447E-21   -0.987487E-22    0.276961E-21    0.113680E-20    0.610738E-22    0.133045E-20   -0.318375E-19    0.346164E-23    0.113680E-20    0.125231E-20    0.914030E-22    0.118299E-20   -0.700730E-23    0.439167E-21    0.610738E-22    0.914030E-22    0.126955E-20    0.215218E-20    0.336985E-20    0.131323E-21    0.133045E-20    0.118299E-20    0.215218E-20    0.926929E-21    0.254346E-21    0.731447E-21   -0.318375E-19   -0.700730E-23    0.336985E-20    0.254346E-21   -0.419186E-21
 2140    0.433365E-21   -0.686197E-22    0.255028E-23    0.401269E-21    0.125286E-21    0.706342E-21   -0.686197E-22    0.588058E-21    0.107472E-20    0.893630E-23    0.135345E-20   -0.311567E-19    0.255028E-23    0.107472E-20    0.122553E-20    0.929682E-22    0.115764E-20    0.220086E-22    0.401269E-21    0.893630E-23    0.929682E-22    0.113423E-20    0.188374E-20    0.322713E-20    0.125286E-21    0.135345E-20    0.115764E-20    0.188374E-20    0.886650E-21    0.271377E-21    0.706342E-21   -0.311567E-19    0.220086E-22    0.322713E-20    0.271377E-21   -0.300923E-21
 2160    0.421202E-21   -0.335479E-22    0.311633E-23    0.360521E-21    0.115861E-21    0.655612E-21   -0.335479E-22    0.782268E-21    0.999309E-21   -0.132418E-22    0.135756E-20   -0.301197E-19    0.311633E-23    0.999309E-21    0.119817E-20    0.998470E-22    0.113434E-20    0.530375E-22    0.360521E-21   -0.132418E-22    0.998470E-22    0.100847E-20    0.157356E-20    0.290614E-20    0.115861E-21    0.135756E-20    0.113434E-20    0.157356E-20    0.849966E-21    0.296955E-21    0.655612E-21   -0.301197E-19    0.530375E-22    0.290614E-20    0.296955E-21   -0.190989E-21
 2180    0.415328E-21   -0.953382E-25    0.499234E-23    0.319891E-21    0.102906E-21    0.585250E-21   -0.953382E-25    0.806132E-21    0.910902E-21   -0.153445E-22    0.133413E-20   -0.287967E-19    0.499234E-23    0.910902E-21    0.116931E-20    0.109150E-21    0.111237E-20    0.846266E-22    0.319891E-21   -0.153445E-22    0.109150E-21    0.878677E-21    0.126515E-20    0.247866E-20    0.102906E-21    0.133413E-20    0.111237E-20    0.126515E-20    0.820236E-21    0.327350E-21    0.585250E-21   -0.287967E-19    0.846266E-22    0.247866E-20    0.327350E-21   -0.918558E-22
 2200    0.415376E-21    0.267611E-22    0.761178E-23    0.295670E-21    0.846909E-22    0.506232E-21    0.267611E-22    0.664421E-21    0.821417E-21   -0.836153E-23    0.128509E-20   -0.272803E-19    0.761178E-23    0.821417E-21    0.113901E-20    0.118553E-21    0.109005E-20    0.114443E-21    0.295670E-21   -0.836153E-23    0.118553E-21    0.737174E-21    0.988087E-21    0.204558E-20    0.846909E-22    0.128509E-20    0.109005E-20    0.988087E-21    0.801120E-21    0.360419E-21    0.506232E-21   -0.272803E-19    0.114443E-21    0.204558E-20    0.360419E-21   -0.155712E-23
 2220    0.416488E-21    0.417207E-22    0.104661E-22    0.281304E-21    0.633846E-22    0.429327E-21    0.417207E-22    0.361861E-21    0.727957E-21   -0.103911E-22    0.120465E-20   -0.256812E-19    0.104661E-22    0.727957E-21    0.110750E-20    0.126187E-21    0.106626E-20    0.142726E-21    0.281304E-21   -0.103911E-22    0.126187E-21    0.605489E-21    0.761184E-21    0.167262E-20    0.633846E-22    0.120465E-20    0.106626E-20    0.761184E-21    0.793491E-21    0.396566E-21    0.429327E-21   -0.256812E-19    0.142726E-21    0.167262E-20    0.396566E-21    0.786184E-22
 2240    0.419538E-21    0.456076E-22    0.130309E-22    0.293746E-21    0.418020E-22    0.368337E-21    0.456076E-22    0.107416E-22    0.643799E-21   -0.813918E-23    0.110517E-20   -0.240784E-19    0.130309E-22    0.643799E-21    0.107501E-20    0.129158E-21    0.104053E-20    0.169312E-21    0.293746E-21   -0.813918E-23    0.129158E-21    0.508154E-21    0.581955E-21    0.141720E-20    0.418020E-22    0.110517E-20    0.104053E-20    0.581955E-21    0.793524E-21    0.431945E-21    0.368337E-21   -0.240784E-19    0.169312E-21    0.141720E-20    0.431945E-21    0.154532E-21
 2260    0.421059E-21    0.376574E-22    0.144598E-22    0.314947E-21    0.175854E-22    0.332981E-21    0.376574E-22   -0.366005E-21    0.568612E-21   -0.677098E-23    0.988714E-21   -0.225085E-19    0.144598E-22    0.568612E-21    0.104213E-20    0.124384E-21    0.101263E-20    0.193277E-21    0.314947E-21   -0.677098E-23    0.124384E-21    0.454712E-21    0.443322E-21    0.131727E-20    0.175854E-22    0.988714E-21    0.101263E-20    0.443322E-21    0.795958E-21    0.462956E-21    0.332981E-21   -0.225085E-19    0.193277E-21    0.131727E-20    0.462956E-21    0.226882E-21
 2280    0.420598E-21    0.204513E-22    0.145458E-22    0.346494E-21   -0.340914E-23    0.330526E-21    0.204513E-22   -0.678566E-21    0.505622E-21    0.481068E-23    0.865933E-21   -0.209883E-19    0.145458E-22    0.505622E-21    0.100995E-20    0.109645E-21    0.982483E-21    0.214883E-21    0.346494E-21    0.481068E-23    0.109645E-21    0.451611E-21    0.351045E-21    0.142712E-20   -0.340914E-23    0.865933E-21    0.982483E-21    0.351045E-21    0.795524E-21    0.487804E-21    0.330526E-21   -0.209883E-19    0.214883E-21    0.142712E-20    0.487804E-21    0.300430E-21
 2300    0.418331E-21   -0.286074E-23    0.127948E-22    0.377421E-21   -0.251563E-22    0.362375E-21   -0.286074E-23   -0.886581E-21    0.455733E-21    0.245205E-22    0.746351E-21   -0.195050E-19    0.127948E-22    0.455733E-21    0.978570E-21    0.844193E-22    0.950678E-21    0.236101E-21    0.377421E-21    0.245205E-22    0.844193E-22    0.485961E-21    0.289304E-21    0.175501E-20   -0.251563E-22    0.746351E-21    0.950678E-21    0.289304E-21    0.789735E-21    0.508495E-21    0.362375E-21   -0.195050E-19    0.236101E-21    0.175501E-20    0.508495E-21    0.376622E-21
 2320    0.414250E-21   -0.287465E-22    0.938634E-23    0.400386E-21   -0.443232E-22    0.423781E-21   -0.287465E-22   -0.936594E-21    0.418093E-21    0.508488E-22    0.638321E-21   -0.179932E-19    0.938634E-23    0.418093E-21    0.948664E-21    0.510499E-22    0.918401E-21    0.256838E-21    0.400386E-21    0.508488E-22    0.510499E-22    0.526462E-21    0.255493E-21    0.226768E-20   -0.443232E-22    0.638321E-21    0.918401E-21    0.255493E-21    0.777605E-21    0.522350E-21    0.423781E-21   -0.179932E-19    0.256838E-21    0.226768E-20    0.522350E-21    0.457679E-21
 2340    0.408550E-21   -0.535896E-22    0.464850E-23    0.411534E-21   -0.618294E-22    0.505051E-21   -0.535896E-22   -0.801840E-21    0.391395E-21    0.802213E-22    0.553472E-21   -0.164081E-19    0.464850E-23    0.391395E-21    0.920328E-21    0.136897E-22    0.885974E-21    0.277074E-21    0.411534E-21    0.802213E-22    0.136897E-22    0.543229E-21    0.227585E-21    0.287746E-20   -0.618294E-22    0.553472E-21    0.885974E-21    0.227585E-21    0.760089E-21    0.529247E-21    0.505051E-21   -0.164081E-19    0.277074E-21    0.287746E-20    0.529247E-21    0.543532E-21
 2360    0.404725E-21   -0.738763E-22   -0.803263E-24    0.415849E-21   -0.768642E-22    0.592235E-21   -0.738763E-22   -0.486387E-21    0.376061E-21    0.107492E-21    0.501161E-21   -0.147052E-19   -0.803263E-24    0.376061E-21    0.894305E-21   -0.224746E-22    0.855603E-21    0.299119E-21    0.415849E-21    0.107492E-21   -0.224746E-22    0.517962E-21    0.188081E-21    0.348003E-20   -0.768642E-22    0.501161E-21    0.855603E-21    0.188081E-21    0.739793E-21    0.533512E-21    0.592235E-21   -0.147052E-19    0.299119E-21    0.348003E-20    0.533512E-21    0.633911E-21
 2380    0.403667E-21   -0.872979E-22   -0.626554E-23    0.415365E-21   -0.889783E-22    0.672955E-21   -0.872979E-22   -0.537664E-22    0.370337E-21    0.133884E-21    0.489394E-21   -0.128161E-19   -0.626554E-23    0.370337E-21    0.869656E-21   -0.534213E-22    0.826719E-21    0.322203E-21    0.415365E-21    0.133884E-21   -0.534213E-22    0.445876E-21    0.121785E-21    0.398376E-20   -0.889783E-22    0.489394E-21    0.826719E-21    0.121785E-21    0.717495E-21    0.538667E-21    0.672955E-21   -0.128161E-19    0.322203E-21    0.398376E-20    0.538667E-21    0.726953E-21
 2400    0.404175E-21   -0.913354E-22   -0.112584E-22    0.410549E-21   -0.103216E-21    0.733388E-21   -0.913354E-22    0.425826E-21    0.359866E-21    0.157156E-21    0.505875E-21   -0.107596E-19   -0.112584E-22    0.359866E-21    0.846537E-21   -0.762673E-22    0.800935E-21    0.347101E-21    0.410549E-21    0.157156E-21   -0.762673E-22    0.341121E-21    0.209658E-22    0.431807E-20   -0.103216E-21    0.505875E-21    0.800935E-21    0.209658E-22    0.694625E-21    0.543730E-21    0.733388E-21   -0.107596E-19    0.347101E-21    0.431807E-20    0.543730E-21    0.818966E-21
 2420    0.407762E-21   -0.861613E-22   -0.151247E-22    0.404770E-21   -0.118950E-21    0.765591E-21   -0.861613E-22    0.822450E-21    0.346601E-21    0.179001E-21    0.551523E-21   -0.857151E-20   -0.151247E-22    0.346601E-21    0.823801E-21   -0.899198E-22    0.777803E-21    0.373336E-21    0.404770E-21    0.179001E-21   -0.899198E-22    0.226489E-21   -0.120077E-21    0.445794E-20   -0.118950E-21    0.551523E-21    0.777803E-21   -0.120077E-21    0.669776E-21    0.550443E-21    0.765591E-21   -0.857151E-20    0.373336E-21    0.445794E-20    0.550443E-21    0.908174E-21
 2440    0.413657E-21   -0.722492E-22   -0.175453E-22    0.396971E-21   -0.138524E-21    0.764653E-21   -0.722492E-22    0.103977E-20    0.323089E-21    0.196992E-21    0.608869E-21   -0.631482E-20   -0.175453E-22    0.323089E-21    0.801524E-21   -0.940919E-22    0.757471E-21    0.399086E-21    0.396971E-21    0.196992E-21   -0.940919E-22    0.123071E-21   -0.294100E-21    0.438602E-20   -0.138524E-21    0.608869E-21    0.757471E-21   -0.294100E-21    0.644575E-21    0.559162E-21    0.764653E-21   -0.631482E-20    0.399086E-21    0.438602E-20    0.559162E-21    0.991256E-21
 2460    0.422635E-21   -0.514333E-22   -0.183982E-22    0.388645E-21   -0.161522E-21    0.731919E-21   -0.514333E-22    0.102687E-20    0.291815E-21    0.204868E-21    0.666971E-21   -0.405536E-20   -0.183982E-22    0.291815E-21    0.779145E-21   -0.902550E-22    0.739453E-21    0.426206E-21    0.388645E-21    0.204868E-21   -0.902550E-22    0.465201E-22   -0.486904E-21    0.412620E-20   -0.161522E-21    0.666971E-21    0.739453E-21   -0.486904E-21    0.621126E-21    0.575366E-21    0.731919E-21   -0.405536E-20    0.426206E-21    0.412620E-20    0.575366E-21    0.106675E-20
 2480    0.429330E-21   -0.265719E-22   -0.176486E-22    0.373557E-21   -0.186755E-21    0.672157E-21   -0.265719E-22    0.795765E-21    0.248956E-21    0.196763E-21    0.707508E-21   -0.185477E-20   -0.176486E-22    0.248956E-21    0.755218E-21   -0.813687E-22    0.722129E-21    0.450681E-21    0.373557E-21    0.196763E-21   -0.813687E-22   -0.663221E-24   -0.685484E-21    0.373545E-20   -0.186755E-21    0.707508E-21    0.722129E-21   -0.685484E-21    0.600581E-21    0.591056E-21    0.672157E-21   -0.185477E-20    0.450681E-21    0.373545E-20    0.591056E-21    0.113244E-20
 2500    0.437197E-21    0.114000E-24   -0.158244E-22    0.367414E-21   -0.215234E-21    0.596067E-21    0.114000E-24    0.403278E-21    0.199454E-21    0.170779E-21    0.722906E-21    0.263049E-21   -0.158244E-22    0.199454E-21    0.731357E-21   -0.710738E-22    0.705810E-21    0.475301E-21    0.367414E-21    0.170779E-21   -0.710738E-22   -0.233848E-22   -0.873022E-21    0.331834E-20   -0.215234E-21    0.722906E-21    0.705810E-21   -0.873022E-21    0.587015E-21    0.612969E-21    0.596067E-21    0.263049E-21    0.475301E-21    0.331834E-20    0.612969E-21    0.118964E-20
 2520    0.439840E-21    0.253849E-22   -0.132541E-22    0.363393E-21   -0.243894E-21    0.516187E-21    0.253849E-22   -0.717051E-22    0.144858E-21    0.129591E-21    0.706245E-21    0.226558E-20   -0.132541E-22    0.144858E-21    0.706198E-21   -0.621320E-22    0.688535E-21    0.495962E-21    0.363393E-21    0.129591E-21   -0.621320E-22   -0.307625E-22   -0.104384E-20    0.294068E-20   -0.243894E-21    0.706245E-21    0.688535E-21   -0.104384E-20    0.581007E-21    0.633149E-21    0.516187E-21    0.226558E-20    0.495962E-21    0.294068E-20    0.633149E-21    0.123873E-20
 2540    0.438665E-21    0.465076E-22   -0.106469E-22    0.361352E-21   -0.270430E-21    0.446459E-21    0.465076E-22   -0.545674E-21    0.907619E-22    0.778874E-22    0.657777E-21    0.415533E-20   -0.106469E-22    0.907619E-22    0.680634E-21   -0.562619E-22    0.670195E-21    0.515998E-21    0.361352E-21    0.778874E-22   -0.562619E-22   -0.262128E-22   -0.117921E-20    0.264767E-20   -0.270430E-21    0.657777E-21    0.670195E-21   -0.117921E-20    0.583233E-21    0.654205E-21    0.446459E-21    0.415533E-20    0.515998E-21    0.264767E-20    0.654205E-21    0.128121E-20
 2560    0.431973E-21    0.609646E-22   -0.855727E-23    0.356053E-21   -0.292167E-21    0.399524E-21    0.609646E-22   -0.944181E-21    0.403127E-22    0.229369E-22    0.581858E-21    0.595581E-20   -0.855727E-23    0.403127E-22    0.654593E-21   -0.543318E-22    0.650250E-21    0.532925E-21    0.356053E-21    0.229369E-22   -0.543318E-22   -0.132623E-22   -0.126522E-20    0.246586E-20   -0.292167E-21    0.581858E-21    0.650250E-21   -0.126522E-20    0.589305E-21    0.673405E-21    0.399524E-21    0.595581E-20    0.532925E-21    0.246586E-20    0.673405E-21    0.131925E-20
 2580    0.420408E-21    0.665944E-22   -0.736059E-23    0.344983E-21   -0.306867E-21    0.382261E-21    0.665944E-22   -0.120850E-20   -0.137191E-23   -0.273816E-22    0.487364E-21    0.765468E-20   -0.736059E-23   -0.137191E-23    0.628551E-21   -0.562800E-22    0.628428E-21    0.547320E-21    0.344983E-21   -0.273816E-22   -0.562800E-22    0.109743E-22   -0.128469E-20    0.241051E-20   -0.306867E-21    0.487364E-21    0.628428E-21   -0.128469E-20    0.595703E-21    0.688154E-21    0.382261E-21    0.765468E-20    0.547320E-21    0.241051E-20    0.688154E-21    0.135543E-20
 2600    0.404915E-21    0.623627E-22   -0.729386E-23    0.326557E-21   -0.312814E-21    0.397794E-21    0.623627E-22   -0.130077E-20   -0.310625E-22   -0.670792E-22    0.385079E-21    0.924640E-20   -0.729386E-23   -0.310625E-22    0.602879E-21   -0.611976E-22    0.604796E-21    0.559506E-21    0.326557E-21   -0.670792E-22   -0.611976E-22    0.475146E-22   -0.124210E-20    0.248205E-20   -0.312814E-21    0.385079E-21    0.604796E-21   -0.124210E-20    0.598033E-21    0.698874E-21    0.397794E-21    0.924640E-20    0.559506E-21    0.248205E-20    0.698874E-21    0.139127E-20
 2620    0.388740E-21    0.486205E-22   -0.835917E-23    0.305348E-21   -0.310611E-21    0.440858E-21    0.486205E-22   -0.120569E-20   -0.459926E-22   -0.920504E-22    0.288504E-21    0.107237E-19   -0.835917E-23   -0.459926E-22    0.578018E-21   -0.680997E-22    0.579808E-21    0.571249E-21    0.305348E-21   -0.920504E-22   -0.680997E-22    0.879593E-22   -0.115442E-20    0.264554E-20   -0.310611E-21    0.288504E-21    0.579808E-21   -0.115442E-20    0.593394E-21    0.705696E-21    0.440858E-21    0.107237E-19    0.571249E-21    0.264554E-20    0.705696E-21    0.142814E-20
 2640    0.374662E-21    0.272956E-22   -0.103995E-22    0.287130E-21   -0.302255E-21    0.503248E-21    0.272956E-22   -0.939840E-21   -0.459967E-22   -0.999124E-22    0.209561E-21    0.120598E-19   -0.103995E-22   -0.459967E-22    0.554372E-21   -0.757721E-22    0.554805E-21    0.582075E-21    0.287130E-21   -0.999124E-22   -0.757721E-22    0.121807E-21   -0.104395E-20    0.287490E-20   -0.302255E-21    0.209561E-21    0.554805E-21   -0.104395E-20    0.582727E-21    0.710233E-21    0.503248E-21    0.120598E-19    0.582075E-21    0.287490E-20    0.710233E-21    0.146636E-20
 2660    0.361531E-21    0.163546E-23   -0.128604E-22    0.271418E-21   -0.289142E-21    0.573831E-21    0.163546E-23   -0.550975E-21   -0.340292E-22   -0.918724E-22    0.157437E-21    0.132484E-19   -0.128604E-22   -0.340292E-22    0.531550E-21   -0.834745E-22    0.529528E-21    0.591686E-21    0.271418E-21   -0.918724E-22   -0.834745E-22    0.142614E-21   -0.934185E-21    0.313502E-20   -0.289142E-21    0.157437E-21    0.529528E-21   -0.934185E-21    0.564724E-21    0.710030E-21    0.573831E-21    0.132484E-19    0.591686E-21    0.313502E-20    0.710030E-21    0.150625E-20
 2680    0.351830E-21   -0.244849E-22   -0.155124E-22    0.261356E-21   -0.276778E-21    0.640664E-21   -0.244849E-22   -0.107279E-21   -0.118617E-22   -0.698627E-22    0.136527E-21    0.142652E-19   -0.155124E-22   -0.118617E-22    0.509785E-21   -0.906288E-22    0.505104E-21    0.600935E-21    0.261356E-21   -0.698627E-22   -0.906288E-22    0.147400E-21   -0.841992E-21    0.340583E-20   -0.276778E-21    0.136527E-21    0.505104E-21   -0.841992E-21    0.543926E-21    0.708115E-21    0.640664E-21    0.142652E-19    0.600935E-21    0.340583E-20    0.708115E-21    0.154631E-20
 2700    0.345780E-21   -0.470110E-22   -0.178122E-22    0.258541E-21   -0.265584E-21    0.694376E-21   -0.470110E-22    0.311992E-21    0.141532E-22   -0.356083E-22    0.146154E-21    0.151250E-19   -0.178122E-22    0.141532E-22    0.489093E-21   -0.967419E-22    0.482377E-21    0.610396E-21    0.258541E-21   -0.356083E-22   -0.967419E-22    0.149579E-21   -0.780459E-21    0.367763E-20   -0.265584E-21    0.146154E-21    0.482377E-21   -0.780459E-21    0.521814E-21    0.705687E-21    0.694376E-21    0.151250E-19    0.610396E-21    0.367763E-20    0.705687E-21    0.158541E-20
 2720    0.345375E-21   -0.625606E-22   -0.194358E-22    0.264334E-21   -0.259995E-21    0.727617E-21   -0.625606E-22    0.640930E-21    0.400789E-22    0.898579E-23    0.181279E-21    0.158412E-19   -0.194358E-22    0.400789E-22    0.469593E-21   -0.101361E-21    0.461507E-21    0.620316E-21    0.264334E-21    0.898579E-23   -0.101361E-21    0.154231E-21   -0.756899E-21    0.394022E-20   -0.259995E-21    0.181279E-21    0.461507E-21   -0.756899E-21    0.501229E-21    0.704125E-21    0.727617E-21    0.158412E-19    0.620316E-21    0.394022E-20    0.704125E-21    0.162224E-20
 2740    0.346633E-21   -0.686660E-22   -0.201634E-22    0.275258E-21   -0.259316E-21    0.735126E-21   -0.686660E-22    0.834557E-21    0.600937E-22    0.612554E-22    0.231466E-21    0.164433E-19   -0.201634E-22    0.600937E-22    0.450660E-21   -0.103729E-21    0.442136E-21    0.629482E-21    0.275258E-21    0.612554E-22   -0.103729E-21    0.171594E-21   -0.777969E-21    0.418398E-20   -0.259316E-21    0.231466E-21    0.442136E-21   -0.777969E-21    0.481894E-21    0.703497E-21    0.735126E-21    0.164433E-19    0.629482E-21    0.418398E-20    0.703497E-21    0.165492E-20
 2760    0.348581E-21   -0.639584E-22   -0.198717E-22    0.287685E-21   -0.264644E-21    0.715572E-21   -0.639584E-22    0.877286E-21    0.729328E-22    0.117592E-21    0.287004E-21    0.169664E-19   -0.198717E-22    0.729328E-22    0.432255E-21   -0.102389E-21    0.424581E-21    0.638031E-21    0.287685E-21    0.117592E-21   -0.102389E-21    0.197038E-21   -0.841333E-21    0.436051E-20   -0.264644E-21    0.287004E-21    0.424581E-21   -0.841333E-21    0.464103E-21    0.702555E-21    0.715572E-21    0.169664E-19    0.638031E-21    0.436051E-20    0.702555E-21    0.168261E-20
 2780    0.351765E-21   -0.487577E-22   -0.184846E-22    0.299015E-21   -0.275124E-21    0.673063E-21   -0.487577E-22    0.777053E-21    0.753006E-22    0.168012E-21    0.336276E-21    0.174283E-19   -0.184846E-22    0.753006E-22    0.414504E-21   -0.953372E-22    0.408385E-21    0.645916E-21    0.299015E-21    0.168012E-21   -0.953372E-22    0.225314E-21   -0.927743E-21    0.436179E-20   -0.275124E-21    0.336276E-21    0.408385E-21   -0.927743E-21    0.448888E-21    0.704619E-21    0.673063E-21    0.174283E-19    0.645916E-21    0.436179E-20    0.704619E-21    0.170470E-20
 2800    0.353992E-21   -0.245952E-22   -0.164103E-22    0.303437E-21   -0.290957E-21    0.611256E-21   -0.245952E-22    0.564038E-21    0.699247E-22    0.198275E-21    0.371958E-21    0.178590E-19   -0.164103E-22    0.699247E-22    0.397251E-21   -0.825538E-22    0.393378E-21    0.652847E-21    0.303437E-21    0.198275E-21   -0.825538E-22    0.241686E-21   -0.100971E-20    0.414541E-20   -0.290957E-21    0.371958E-21    0.393378E-21   -0.100971E-20    0.436205E-21    0.707761E-21    0.611256E-21    0.178590E-19    0.652847E-21    0.414541E-20    0.707761E-21    0.172137E-20
 2820    0.352782E-21    0.537330E-23   -0.138256E-22    0.306337E-21   -0.308254E-21    0.540548E-21    0.537330E-23    0.279023E-21    0.571929E-22    0.206366E-21    0.388189E-21    0.182496E-19   -0.138256E-22    0.571929E-22    0.380442E-21   -0.694352E-22    0.378985E-21    0.658486E-21    0.306337E-21    0.206366E-21   -0.694352E-22    0.247324E-21   -0.110199E-20    0.387751E-20   -0.308254E-21    0.388189E-21    0.378985E-21   -0.110199E-20    0.426044E-21    0.711481E-21    0.540548E-21    0.182496E-19    0.658486E-21    0.387751E-20    0.711481E-21    0.173257E-20
 2840    0.350027E-21    0.362978E-22   -0.111964E-22    0.315035E-21   -0.323872E-21    0.472518E-21    0.362978E-22   -0.273393E-22    0.409568E-22    0.196353E-21    0.382086E-21    0.186095E-19   -0.111964E-22    0.409568E-22    0.364132E-21   -0.597247E-22    0.365174E-21    0.662436E-21    0.315035E-21    0.196353E-21   -0.597247E-22    0.266946E-21   -0.122140E-20    0.371671E-20   -0.323872E-21    0.382086E-21    0.365174E-21   -0.122140E-20    0.419335E-21    0.715446E-21    0.472518E-21    0.186095E-19    0.662436E-21    0.371671E-20    0.715446E-21    0.174011E-20
 2860    0.344885E-21    0.627807E-22   -0.911535E-23    0.326725E-21   -0.336626E-21    0.416019E-21    0.627807E-22   -0.306353E-21    0.237669E-22    0.166811E-21    0.355681E-21    0.189103E-19   -0.911535E-23    0.237669E-22    0.348247E-21   -0.545931E-22    0.351449E-21    0.665105E-21    0.326725E-21    0.166811E-21   -0.545931E-22    0.298811E-21   -0.134515E-20    0.366932E-20   -0.336626E-21    0.355681E-21    0.351449E-21   -0.134515E-20    0.415162E-21    0.717832E-21    0.416019E-21    0.189103E-19    0.665105E-21    0.366932E-20    0.717832E-21    0.174457E-20
 2880    0.335007E-21    0.796687E-22   -0.786435E-23    0.334847E-21   -0.342278E-21    0.382369E-21    0.796687E-22   -0.511810E-21    0.105574E-22    0.116957E-21    0.314375E-21    0.191593E-19   -0.786435E-23    0.105574E-22    0.333027E-21   -0.549567E-22    0.337814E-21    0.666559E-21    0.334847E-21    0.116957E-21   -0.549567E-22    0.336409E-21   -0.144855E-20    0.372303E-20   -0.342278E-21    0.314375E-21    0.337814E-21   -0.144855E-20    0.412582E-21    0.719583E-21    0.382369E-21    0.191593E-19    0.666559E-21    0.372303E-20    0.719583E-21    0.174767E-20
 2900    0.328544E-21    0.836522E-22   -0.774526E-23    0.340981E-21   -0.341670E-21    0.373492E-21    0.836522E-22   -0.614311E-21    0.237972E-23    0.529283E-22    0.263195E-21    0.193237E-19   -0.774526E-23    0.237972E-23    0.318337E-21   -0.608894E-22    0.324264E-21    0.666719E-21    0.340981E-21    0.529283E-22   -0.608894E-22    0.362225E-21   -0.149555E-20    0.384817E-20   -0.341670E-21    0.263195E-21    0.324264E-21   -0.149555E-20    0.410460E-21    0.719310E-21    0.373492E-21    0.193237E-19    0.666719E-21    0.384817E-20    0.719310E-21    0.175019E-20
 2920    0.320637E-21    0.742714E-22   -0.873556E-23    0.340135E-21   -0.335026E-21    0.388601E-21    0.742714E-22   -0.599903E-21    0.132497E-23   -0.111238E-22    0.210526E-21    0.194026E-19   -0.873556E-23    0.132497E-23    0.304271E-21   -0.714948E-22    0.310648E-21    0.665778E-21    0.340135E-21   -0.111238E-22   -0.714948E-22    0.369824E-21   -0.147942E-20    0.401517E-20   -0.335026E-21    0.210526E-21    0.310648E-21   -0.147942E-20    0.407327E-21    0.716573E-21    0.388601E-21    0.194026E-19    0.665778E-21    0.401517E-20    0.716573E-21    0.175329E-20
 2940    0.315746E-21    0.539167E-22   -0.105461E-22    0.334584E-21   -0.323659E-21    0.420703E-21    0.539167E-22   -0.474938E-21    0.885661E-23   -0.599202E-22    0.165265E-21    0.194093E-19   -0.105461E-22    0.885661E-23    0.290917E-21   -0.845658E-22    0.297388E-21    0.664771E-21    0.334584E-21   -0.599202E-22   -0.845658E-22    0.350422E-21   -0.140888E-20    0.418643E-20   -0.323659E-21    0.165265E-21    0.297388E-21   -0.140888E-20    0.402724E-21    0.712491E-21    0.420703E-21    0.194093E-19    0.664771E-21    0.418643E-20    0.712491E-21    0.175757E-20
 2960    0.312728E-21    0.270148E-22   -0.128521E-22    0.325557E-21   -0.310879E-21    0.459902E-21    0.270148E-22   -0.264798E-21    0.218873E-22   -0.838201E-22    0.131571E-21    0.193382E-19   -0.128521E-22    0.218873E-22    0.278122E-21   -0.976622E-22    0.284505E-21    0.662826E-21    0.325557E-21   -0.838201E-22   -0.976622E-22    0.315694E-21   -0.131677E-20    0.433887E-20   -0.310879E-21    0.131571E-21    0.284505E-21   -0.131677E-20    0.396014E-21    0.706340E-21    0.459902E-21    0.193382E-19    0.662826E-21    0.433887E-20    0.706340E-21    0.176310E-20
 2980    0.309649E-21   -0.118638E-23   -0.152067E-22    0.313408E-21   -0.298520E-21    0.495438E-21   -0.118638E-23   -0.384832E-23    0.407998E-22   -0.807541E-22    0.115002E-21    0.192317E-19   -0.152067E-22    0.407998E-22    0.266046E-21   -0.108714E-21    0.272064E-21    0.661417E-21    0.313408E-21   -0.807541E-22   -0.108714E-21    0.272809E-21   -0.122703E-20    0.444625E-20   -0.298520E-21    0.115002E-21    0.272064E-21   -0.122703E-20    0.387839E-21    0.699670E-21    0.495438E-21    0.192317E-19    0.661417E-21    0.444625E-20    0.699670E-21    0.176968E-20
 3000    0.307173E-21   -0.259621E-22   -0.171070E-22    0.300961E-21   -0.286778E-21    0.519226E-21   -0.259621E-22    0.266050E-21    0.601107E-22   -0.554458E-22    0.113909E-21    0.190822E-19   -0.171070E-22    0.601107E-22    0.254404E-21   -0.115843E-21    0.260073E-21    0.659608E-21    0.300961E-21   -0.554458E-22   -0.115843E-21    0.234001E-21   -0.115405E-20    0.447802E-20   -0.286778E-21    0.113909E-21    0.260073E-21   -0.115405E-20    0.378358E-21    0.691612E-21    0.519226E-21    0.190822E-19    0.659608E-21    0.447802E-20    0.691612E-21    0.177702E-20
